,0,1,2,3,4,5,6,7,8,9,10,11,12,13,14,15,16,17,18,19,20,21,22,23,24,25,26,27,28,29,30,31,32,33,34,35,36,37,38,39,40,41,42,43,44,45,46,47,48,49,50,51,52,53,54,55,56,57,58,59,60,61,62,63,64,65,66,67,68,69,70,71,72,73,74,75,76,77,78,79,80,81,82,83,84,85,86,87,88,89,90,91,92,93,94,95,96,97,98,99,100,101,102,103,104,105,106,107,108,109,110,111,112,113,114,115,116,117,118,119,120,121,122,123,124,125,126,127,128,129,130,131,132,133,134,135,136,137,138,139,140,141,142,143,144,145,146,147,148,149,150,151,152,153,154,155,156,157,158,159,160,161,162,163,164,165,166,167,168,169,170,171,172,173,174,175,176,177,178,179,180,181,182,183,184,185,186,187,188,189,190,191,192,193,194,195,196,197,198,199
0,0.8568361835434769,0.897955966552542,0.29652035140146393,-0.4258358767323915,-1.0854531278093928,-0.07866391539174343,-0.05633421358027433,-0.09933839366841606,-0.5592974701281703,-0.023549851897658333,0.9192686035662696,-0.48883654836058565,-0.730518677393941,0.42882993781973716,0.7968151836879176,0.05507156410171745,-0.0486319040552682,0.06030989922582906,0.6871754629754216,0.24218257612160443,0.42403382191079414,0.5383618292697205,-0.30484946953946257,0.46602138578739943,0.2470024038733451,-0.8116159189698202,-0.38703188159425567,0.5711686928950844,0.931126449309957,-0.41663089490191046,1.2454584926104662,0.7803818667596155,-1.3840274329434885,0.9472520171003997,0.6707863377113705,-0.17864533516582776,1.2849323590035677,-1.38097348012599,0.0848184170031896,0.45362507800177204,-0.11357891739628319,1.0040656275961244,-0.4203896713463188,-0.06588571069448847,-0.8065366329618375,0.10583065196955753,0.2848795500467441,-0.878021819974043,0.7519983050589943,0.5455814725407953,0.5332669246459977,-0.031540886540445554,0.84771891636601,0.044797496193661926,0.7241000811560039,-0.02430322326633901,-0.428645354149912,0.8120776291522886,-0.8761553378221032,0.25443908786477787,0.36894837363872585,0.045971470059038115,0.7985068969037425,-0.5165616342837502,-0.8220700242090581,-1.1860371461815489,-0.4801376735521234,0.1612483174944102,0.9473698695417023,-0.2184527426060773,-0.4708762244095194,0.8438748999332045,-0.9537101780076881,0.8298949636927911,0.714405388605234,0.6741325633111508,-0.11333940048663586,-0.1800704893545414,-0.34553479806119414,-1.1993070621371817,0.8181505291779441,-0.56203252405053,0.06926778320810695,0.33953515775403975,-1.114476412842347,-0.888239891382896,-0.37067419034319277,0.7917301412379255,0.10778761608462466,-0.07351105018143031,-0.497176073143111,0.7779915207841471,0.493522967808628,0.4085307602085584,-0.5955030173872276,0.3283249734412286,0.6000215122122561,-0.28206440567093455,0.8755365422268975,0.8097412607920871,0.5961876760771316,-1.0427307654292386,-0.6202262987090675,-0.8789287639105036,-0.40763059503330873,-0.676433257455696,0.5212390480618299,-0.6081798952764724,-0.19609685313423536,0.35580058912159424,-1.285667923000805,0.04478333275450594,0.4212143046487238,0.6796941621219247,-0.28930309320150677,0.22129820160679184,-0.15793628373681046,0.35457146943978923,0.435772345202557,0.023109834848853535,0.4786417320116329,-1.0795957023258156,-0.2561465875956659,-0.7761421889836743,-0.6607826208704518,0.8959342807433577,-0.3865247084225849,0.6615984732164952,-0.7582117730658354,0.8621531540601143,1.03717264090182,0.6587810913532035,0.2077115256862393,0.19979138338138075,0.5437527346700047,0.9975720909444172,-0.8007927661147947,-0.08667374385024026,1.1644338934084613,-0.359929199329409,-0.07586153857317274,-0.6697710697112017,0.39292336028133495,0.14005662372698766,-0.4475629841805027,-1.0295002658184271,-0.3643428335865403,0.04315705060433619,-0.4581208482036169,-0.7031334013364724,-0.48865262361127854,0.06897093185920973,-1.469100217812473,-1.161166805603636,-0.7101599828291068,-0.4005290796349621,1.1450799699174945,-0.6676150369920004,-1.160065141909917,0.7012634363755341,-0.14442316398613145,0.7652345200780967,0.4697452893005926,0.22208527969479075,0.39596141618607883,0.1035296388269669,-0.48820028470868804,-0.5675558850375959,-0.698041715754091,0.19333003607299587,1.1909345738085073,0.24116760643284646,1.1617309741326576,0.20963149344337217,-0.6613006676567336,-1.040504482637762,0.10812132686993677,-0.5542224237481864,1.191937243761856,-0.3473680873537145,-0.7079506903063417,-0.6103482619265669,0.3563025789136534,0.8268247912042603,-0.6522285183948164,0.5230541073731915,-0.11132601236001391,0.4387763160526912,1.695565094092933,-0.7230694945665213,0.2061165265699058,0.34811756103933783,0.6374295550337932,-0.6045438872278485,-0.6677609940439708,0.07870390125117055,-0.5541629121385541,-0.39922494079373955,0.3789045839021152,1.5133569358000343
1,0.4433566231714179,0.40979364590513656,-0.7828644214600783,-0.6152948472450737,-0.21424246342140327,1.0750300666995285,-0.31426521048524575,0.41952929212801615,-1.235908577427663,-1.1082353169738677,1.4769411436686533,-1.0294873663392816,0.8326457189730109,-0.7659526362770485,1.1241424988331272,0.41304473985907453,0.5713732203020172,-0.7337738531508208,0.19808902311690338,-0.4581743209866868,-0.3265586176038605,-0.5034449185063508,-0.2500272788375007,0.04770588134078473,-0.24787590139985474,0.5548700639281834,-0.07030217931463051,0.12902410436387454,1.1669599492821092,0.7074838813955859,-0.7054599462108383,-0.09207662057054988,-1.0437253157274304,0.6264774342059778,-0.5046260694297232,0.30112990266956596,2.1015859947947186,-0.15576326912543098,1.4617367038357796,-1.2463307609674037,0.19223248748653649,0.02002282259088604,-0.08179621795858083,-1.5536438045651377,-0.1648639132003522,-0.5088125096050914,0.9346578720059714,-0.6252613605503285,0.5457915665283799,-0.31568186956250216,0.6981990525168815,-0.8803503412815926,0.794724482095236,0.7269761058342762,0.5641796958817855,-0.12775653354543018,-0.319459938370834,0.25970131436601324,-0.7744219999985062,0.3979028594003379,0.9265271814088698,0.008535312862321435,0.2893375490169008,0.3418149369918985,-0.18214454369276864,0.01621087219134577,-0.7891647920941225,-0.049882327543982606,0.968567558554136,-0.5646642348061003,-1.3165028384841009,0.7723366006283443,-0.9047702455401629,1.0391109754166912,0.3629514013771909,0.984570019380572,0.3330928377695424,0.17105033285824106,0.26252321144749896,0.10671003431811563,0.4430175587143806,0.007868926579708587,0.38361101849153934,-0.08289240605916268,-1.0659705253116336,0.685955294331148,0.42239799818426943,0.05429794281730189,0.0379613542839875,0.573122738622661,-0.20548739141458225,1.0666730245522331,-0.3251303967767164,0.41643021912178957,0.2017892841643788,1.0363663784906803,0.13849031417566965,0.08764762116862226,1.1602847989534708,-0.07530102697116677,0.05539864864051366,-0.08138521043702177,-0.5517952725331027,-0.6130917028980138,-0.8878770331970186,-0.18913726130398958,0.15275689010152696,-0.43460960981039326,0.3069267031535622,1.0705599651447626,-0.9946931355269671,-0.31052265865863865,0.4121689672694337,0.4243469595633041,0.8227889704851695,-0.4194786451591831,0.3103838281618293,0.49658861079135297,0.22174358778925468,-0.00971007852360026,-0.32873924462218934,-0.02597622490245553,-0.6621432811704019,-0.3363060875733835,-0.49664177688330347,0.2954524935972959,0.8978568674885032,0.05638128645670133,-1.0420530421514254,0.1062412635110758,0.8790540257828493,-0.3152615438978586,0.36596155949459125,-0.6550497655159382,-0.0007332317244976491,-0.12383061312787567,-0.23561924164187203,0.13218506529925958,-0.4182933707876758,-0.9011564555451445,-0.11059697749508487,-0.08894357289599168,0.11724848512785033,-0.7007290881891491,-0.23183265957502697,-0.18938305450354478,-1.1406291452970965,0.6389070846847897,0.27749158123531076,-0.2775377497070432,-0.1429088306417736,-0.829854893454702,-0.8563336256894298,-0.3742721886842858,-0.5778857074413314,-1.1655032838661794,0.01513250255684669,-0.545180391193972,-0.8041881992366898,-0.0870266529138788,-1.190388362060123,1.1741474743365228,0.5038551068490783,0.020871810507528617,0.11191408880790134,-0.4768654826232214,0.16766819247208764,-0.4764983879522988,1.0984794209148607,0.5059947775418331,0.837278310577112,-0.9162495935611796,0.8010364695086063,-0.42615396988437376,-0.8312514655469099,-0.4117948716247376,-0.4903143393564651,0.18304912665389111,0.17466386037906623,0.06245179709839784,-0.37634405870681986,-0.06502948037612577,-0.3867047623918791,0.6489792021170431,0.21416759615529282,0.5766929229692126,-0.3937751655003434,1.22172273329489,-0.6288662259623725,-0.34131053474407685,0.9486738676248079,-0.4871574105015749,-0.21661434999534965,-0.33923857224893655,-0.11643885608697259,0.15849672576000576,-0.26244232797413797,0.12552908070832686,-0.6023742767093587,0.9104624808323962
2,-0.5007873446961798,0.3201265461383499,-0.12553086358895194,0.36921191394025193,-0.39598971031284463,-0.020732112661694977,-1.0325997032528,0.6332966219452688,-0.14490185893720173,0.38365206528938306,0.8399531616597459,0.22780270073540385,-0.12921637512060993,1.2881814612158224,0.6497404428721281,-1.2549115628967318,-0.3839519576793164,-0.43758861876742244,0.3247415515702092,0.4520587024396887,-0.3932686861402965,-0.7845059359837315,-1.14349078769159,-0.16925561731739835,0.05755722248922316,-0.5662423138327658,-1.474581010892941,0.2338009841222326,-0.19203856742631903,-0.36726650114086407,0.24318494830091555,0.34173654888428756,-0.49677824286156264,0.14578521914869777,-0.05632551855354736,0.7372375042171709,-0.2569475395997801,0.20868617155019517,-0.5938247923861983,0.42656837041817625,-0.6753404076839565,-0.38352509562452664,-0.686877017911466,-0.06072613920815982,0.17256047208606526,0.8155024291338939,0.22611392159957797,0.02135630507408275,-0.13076875757811818,-1.0271519630494796,-0.09552301266920392,0.42926971344739523,-0.2652679147379523,0.6025349524692445,-0.09404626524819698,-0.1003729467007833,0.7773942883623036,0.887684087021046,-1.385217753155477,0.42667555218246783,0.21392100535030895,0.13128278733447157,-0.20049780984293794,-0.7316648955375294,0.061095017302869585,0.033595413443488494,0.16054073436697286,-0.12763239662023435,0.5341151550384539,0.31523238213124516,0.6015655282984302,-0.7636273969916176,-0.5896115015371463,-1.0265495717559845,0.29624686777041975,-0.9632562692546335,-1.0598445207937337,-0.5383893959693541,0.5727225358796781,-1.032492674627202,-0.4652621282602983,-0.2661513537608442,0.5373540778099403,1.5868323603552,-0.006517645472328875,-0.03440163932751635,-0.9053950647762302,0.13891403131888022,1.1702347317926578,-0.5921977304875743,0.9738222710325041,0.262324158727268,0.7888475164018328,0.75687587336157,-0.2627174558461709,-0.7132797893522946,-0.6737704870939152,-0.6827197566090185,-0.16316008361221146,0.9833659468982493,0.5453758439363018,0.5574825449729313,-0.5253820210227718,-0.4787022833498388,1.0155042313590719,-1.0639426353298786,0.6068000916235337,-1.1418075339277736,-0.02248703582087727,0.46215041010634667,-0.24630569077193998,0.5076756900487992,-0.603830540381494,1.1297544339600485,-1.1769353540761789,-0.8105520293953284,0.43839878385936765,0.31574095457508705,-0.04887366362058315,-0.924357885786332,-0.5803535328766385,-0.8002875498078896,0.2677935167126343,-0.3420024497382758,-0.7494107385907456,-1.1658866789968467,0.19577460048394182,1.1952003537324158,1.051098329020975,-0.699418307485974,-0.40906587520185483,0.564517650883157,1.2769975683415202,1.325865255637736,0.9205041138925909,1.3970751702677717,0.41657678000170734,0.9808471559081055,0.8392864399784339,1.4851230301973941,-0.24615482424249036,0.940551736450304,-0.32126987429014825,0.30378277712215274,-0.9716609973123247,0.12553739508552894,0.357628956580419,-0.513406209550249,0.061110799813229394,0.5508547500459936,0.5589803695233462,-0.6940571884734346,0.10716868546448638,0.23440493958206313,0.26621048958700544,0.02758711517819986,0.14598388105189214,0.19313036865595054,-0.9512500684692179,-0.11593486685405038,0.5171260835597417,0.7965510110486511,0.27526681860419017,-0.90183013299527,1.370017470311814,1.244225971107221,-0.33624057881115565,0.06561732793737082,0.05704996393756307,-0.013438467808713387,-0.27783104203210457,0.7637572020998608,0.7603471918020431,-0.4959225405815252,0.38742226502594523,0.839177807905091,-0.027652654815917756,-0.5502121420087361,-0.032621019932260076,0.4764804522619007,-0.9556889460819725,0.6759958765801903,0.5999397579075053,0.6779665990406926,-0.8157123688460527,0.3855666723093723,-0.13257694860249228,0.5593209005010695,-0.745664713389586,-0.8840215064127198,0.4014786917124094,0.887606808242295,0.2745821895743906,-0.8619062467352387,-0.32396459539650135,0.4376746294402432,0.13115580573545166,-0.9422990066979459,0.9988241272230993,0.9670715626758446
3,-0.16809964686183845,0.5688409043613285,0.11764649102922559,0.9717109824365985,-0.16805674661661757,-0.3050409299575048,0.708715114101086,0.16306596379460894,0.03575322171810012,0.06484431103113998,0.0095253715075218,0.16522580517662683,-0.6755478582965035,-0.313267921014407,-0.28651357606558503,-0.17131036010456732,-0.01589306849338302,-0.0821317739352271,-0.21260602600282713,0.8119117820494242,0.32089984383215,-0.043850520533821935,-0.24421794079554612,0.11921252180195553,-0.07575987483649319,-0.19895353994698398,-0.0879542600242433,0.9230545310918559,0.02907331732172037,-0.38372144122804774,0.5073774093697574,0.543137878675986,-0.25430313980000074,0.6834533589326064,-0.2194389572038646,-0.10537699941203395,0.2615209376131246,0.13365356590504313,-0.5225761823506587,0.38424011314720596,0.24735681607918625,-0.12725272914931363,-0.7013034040885663,0.34322305959491956,0.14831372261968048,-0.05387423409392213,0.5441874442649425,-0.5155662993236034,-0.620276030841706,0.37284627614624966,0.43434163844336987,0.3467651854215118,0.16500104674864555,-0.3626505774703352,0.08606154352696521,-0.40599581981288013,0.3186873600757259,0.31908272255118786,-0.013444520070769924,0.6483716552043169,-0.05690626534152722,-0.15552714781791216,0.1369016264619376,-0.7271496891268958,0.056337580343968935,-0.26173500445742726,-0.20925503140699703,-0.052845026886033715,0.5968298200926985,-0.4067514480249088,-0.09645668360584163,0.446026815583379,-0.4312087935955337,-0.4181939853616637,-0.1406619099767282,-0.45062299548588675,-0.250999755525511,-0.42419862460935204,-0.8789731709602514,-0.17343054008555917,-0.3235355715207655,-0.5413803208927009,0.20297743600599283,0.4901946578199918,0.048274879420688296,-0.6626098776462341,0.12016100856283037,0.1573048100732641,0.6108654327232081,-0.3929279452556446,-0.7484229847357557,0.5917497036828497,0.17600847921756282,-0.09289196408196831,0.17992895279462445,-0.5022832510741649,0.345847159285196,0.04738731374256003,-0.2839248254981035,-0.05560530799811759,-0.39620649140601916,-0.7799274715117378,0.09810714182753977,-0.4841384519501136,-0.1721402418188763,0.34704308237569403,0.5767496792563978,-0.13041458971353287,-0.5569840383108776,0.16867722225813261,-0.3162195878808329,-0.01805914256073008,-0.44871705952727264,-0.1800035544945424,0.1139544560759563,-0.39261493659634455,-0.5124103234925679,0.6477073926642578,0.30949655779364904,-0.6815902588595749,0.04549505556852523,-0.10327359438150618,0.552874949969571,-0.8787723751914365,-0.18482958581421288,-0.046210234363700205,0.2634021133221705,-0.022040463144858094,-0.12978724412757509,0.4518796006091799,0.5077836899714927,0.13691265460772503,-0.5502348061095685,-0.19992947966596503,-0.5405910971923016,0.32688639226678,-0.758415087238619,-0.20601776654880302,0.6780034538369925,-0.2528612498550912,0.858426265564095,-0.34415624583337673,0.789596612980599,0.20834616200173714,-0.4646472127335033,-0.7876512314853706,0.3618070100035042,0.04705993554495268,-0.9307391735198259,-0.2477218679752316,-0.6553409845454211,0.549743762179846,-0.20345575089142623,-1.1977267734744308,-0.2910395936497989,-0.521416178158793,0.052115574801114686,-0.34266764072611366,0.44003455867783287,-0.26272195579398344,-0.05742693027988672,-0.2173727297314818,0.160226416961862,0.9270598566740478,0.3287284480999097,-0.08282342347122855,0.1886876802901554,0.13772163803271667,-0.24247658507803405,0.605457819713472,0.7552872067103503,0.14905520975997189,-0.3003582982319489,0.3301360323017693,0.460816377760711,-0.5358424703424322,0.30949128103615847,-0.3627329051149532,0.9567305406380167,0.4202801230449335,-0.39018531054836364,0.14959885535915673,-0.3359456500082131,0.6170257357683276,-0.6079621513453083,-0.13742494316544607,0.014696835336460557,-0.17946589083750566,0.25019750325690976,-0.5110685012178048,-0.5216986503592019,0.16049608342300353,0.6126588301813961,-0.041000287525326515,0.17501977986834935,-0.7302150945428126,-0.006646576650895214,-0.2243476542666321,-0.11349841512919319,-0.04415187905633295
4,-0.24484199656414485,-0.4034184438216407,0.36175727463762575,-0.4014138855723733,0.05404279845521622,0.8074552675061865,-0.6392872589130626,0.8410843126121287,0.03501057637389789,-0.2431802247678694,-0.20182658240846874,-0.4118829760153469,-0.32471235913677,0.39128557542796666,0.078060737928151,-0.3002665803450782,0.68962352143576,-0.32580772807853337,0.17600501797405158,0.640487167911036,0.07828483275185348,0.1730937273516413,0.49873536850222994,1.2207977838135748,-0.5466481440438866,-0.7806356796956847,0.34843109052105375,-0.788636141965084,0.934987358985235,0.7700531917859287,-0.09713911831871012,0.16621821941728296,1.1924360364189355,-0.804284474601442,0.5648156035550761,-1.0494850733042185,-0.7790547180297658,-0.08929798837126421,0.7148607124970859,0.4815550365410337,-0.21587686687089871,0.0052578786809605645,0.24965718162203712,0.9337751383822045,-0.39670271647023425,-0.6194592929478665,-0.23629274242586631,-1.1769230372521307,0.6794812596165767,1.2534170141309322,0.9157601519329419,-0.28644074201003705,1.5432688230500837,-0.854753228478531,-0.787549167948866,0.4434252788301668,-1.1332026141109806,0.028637031615849833,0.21559234521779239,-0.5444949335159208,1.9058203841828985,-0.26898810325568523,-0.4904836213356882,-0.3454322844595888,-0.5954393544079783,0.45356493082464105,1.1070323416503574,0.5241542644715947,-0.2940542776200523,-0.4192569503736226,0.06885876535489431,-0.4747011748798889,-0.12957885233735092,-0.2640198880694663,-0.19026733931785755,-0.05915138913760576,0.8292392315254757,0.1322898809732535,-0.3141160409441469,-0.1985375523228084,-0.3048793223459087,0.1144122732097791,-0.24168205844707794,-0.559857138844891,1.0356497086552907,0.6502295531708342,0.5814155113538253,1.355662609647201,-0.5393717057192915,-0.7531824712813118,0.24080008493362146,0.9646044627487349,-1.2305296652193463,-0.674755715602634,1.189045989210585,-0.2253145737586042,0.6903333021207585,-0.22329326529669452,0.1641777127092055,-0.7552712486990182,-0.6153987257921789,-0.5177369671571828,-1.2245189905759006,0.4309124389917524,-1.4797465630671898,0.5927331146877415,0.6731806841161966,0.20665392402082752,-0.38236125642122964,-0.8405971710916456,0.47225233325965615,0.2793473402618481,1.092784866674023,0.18601631151177508,-0.22740193458931185,1.3190289715078367,0.4398842497735107,-0.5256874341139222,1.1829455936077722,0.6818666679089618,-0.357333758325741,0.004011118521954146,0.24365366861875296,0.0019425328298152177,0.07344081951531417,0.32480173859732847,0.4004183226189738,0.8980900767365834,-0.8667786677429656,0.17596941263497257,-0.7636032220671537,-1.1288303753485052,0.19548646915068926,-0.26111093811286545,-0.2075391025948793,0.6661929622670113,-0.40299770963025444,-0.8226465374153734,0.33223673894138683,-0.5073976685003309,-0.6952954273411451,-0.03493788741827105,0.47683592347895054,0.4904667709660028,1.3212774180242393,0.8112515819761503,-0.14996720057032825,-0.4451718291591797,0.30202632331864815,0.29493616935334926,-2.028972447823578,0.9945559540676718,-0.25338303543292495,0.9689927323601758,-0.1379286188711693,-0.47012880079749814,0.32367089166083995,-0.5178076198169383,0.8308894767966821,-0.057962486436530514,0.8009190474123997,-0.04670635350382908,-0.06035238821635801,0.6223498738864518,-0.743031955661655,-0.43791808044470737,0.42869970537739166,-0.7803892081110431,0.23650965201865284,-0.1582886912398349,0.2900460950740523,-0.05531531407290446,0.06398623603602667,-0.8082981902594509,0.4562659418128003,-0.2382411664694742,0.17234465374619554,-0.4051785884166885,-0.751988947946845,-0.29162682365902004,0.8309654843730304,-0.5762093258183472,0.4569159289927938,-0.2664974339303806,0.07018404330010751,0.9518487872190727,-0.2565450458959788,0.7025514846831242,-0.20836526179983397,-0.3843211595543283,1.0464617720147509,0.732299478480039,-0.01702957529218329,0.17003581468362206,-0.6646698573995293,0.6554987814301101,-1.2518417506847104,1.049951733976788,-1.4208649137890061,0.5167094243824626
5,-1.3386228748977815,0.6908517128266005,-0.646530530943401,0.317351137025029,-0.3140126059215955,-0.32346457964563324,0.8024062110449318,-0.249395877151991,-0.3295627417794957,0.21753112715041054,-0.4593461715254429,0.07382727268778788,-1.0679063054465237,0.5646591456458635,0.7807709806595651,-1.5848314332995515,1.0360162758866012,-0.29550399901824054,0.07305583683877719,0.9100740411508278,-0.5881226247940611,0.9701510992444425,-0.00803973981829316,0.5981197269561643,-1.7272831517876108,0.24981881753892052,-0.23806231861323074,0.453386250834665,0.7508509921778881,0.7225566688576424,0.6802985938879278,0.022060801543114232,0.056770757971688596,0.18187714018511936,-0.599658613212272,-0.851072242816728,-0.3701438469566104,1.167244796409957,-0.3455967861421285,0.0030787464714712603,0.030838438546462392,-1.1262164652214806,0.12140553292575852,-0.4975798388295924,0.6354803881356729,0.8362064253642558,0.9320240442081889,-1.5813608011008307,-0.49711926690582336,-0.5118658363246215,0.4134864434039329,1.5853251403926127,1.128551493121859,-0.4355716290350147,-0.4268462254346227,-1.3833690937005076,1.1497452038941436,1.4013795327368912,1.1842414799228616,0.022485977491591504,0.6739508968583774,-1.0618059987914674,0.3403923823517937,0.1665660716238406,0.052884429764335585,-0.35840194881338777,0.4598325612778416,-1.0433163313184233,0.19517029200731337,-1.0085692175906695,1.0908324586752578,-0.8083437464906171,0.5011955955320853,-1.2589300966484835,-0.16730842310613558,-1.8814047965562304,0.5078551756786518,-1.8684681687887807,-0.6945663673352014,-0.17292875824417991,-0.5548311698284685,-0.3160911967185468,0.06047319245643456,0.546447063484419,0.5763830048011608,-0.8252783969307876,0.9819517989970982,0.1427785430743133,0.7318928500526589,-0.30446576735181136,0.14384563380544668,0.9454558193615412,-1.369558889651856,0.03130948546479698,0.9761514536136962,-1.232377528221159,-0.16396469500042163,1.1107847066180445,-0.9935165578499624,-1.1528659706368771,0.536836863170473,0.021439566495525197,-0.1709817675640274,0.1659328937651809,-0.5074717797792094,0.1887173404473939,0.42702454140520407,1.015299453075224,-0.6980529581454308,-0.9283922267095415,0.07266027044289518,-0.7468666046574269,0.3611768418954096,-0.6158675632208707,-0.2686924175884066,0.6154888100567495,-0.34728725889625595,-0.7133232918799144,-0.531286358311928,-0.07288845410406469,-0.9045666805163066,-0.13912749279161296,0.5053596928577381,-1.0147351890353788,-0.8873496924233547,-0.25855535009115016,0.2513676876338226,0.1800156828987802,-0.8576657303662784,-0.31124695034250244,-0.4782389962567579,-0.9305302380739409,1.2671078550393857,-0.20909410058337952,-0.7668297318998591,-0.05491061419361204,-0.7236694199562466,-0.3850950171416511,0.6975102781300315,0.1017752150262014,0.5493492920417893,-0.5952407002937857,0.06454609631094617,0.8232737773862664,-0.42216710499806853,-0.48325748080861136,1.2713238530675373,-0.005276322655825549,0.3545298598790804,-0.018282441778066257,-0.761181486400044,1.402471373886331,-0.7763812201168626,0.2648631156697278,0.5091577409812734,-0.7005141450352219,-1.0272559101951504,-0.05760918004733805,-0.08225091410802456,-0.7333400530244977,1.4456043423238758,-0.8561478390371343,-0.3810185120210473,1.0726999896008695,0.7283582115247694,0.11776349961273702,1.2055752751633415,-0.5354137576477715,0.04497350532680551,-0.5177090261877519,0.7086247279360987,0.16240156294136185,-0.5547802988090994,-1.5180026593581906,0.05173870678225912,-0.31161861982847944,0.7201125339011685,0.7621400578764471,-0.5936256620820519,0.4240464627401362,-0.6680812850001678,0.6114997320375648,0.3020739628173709,-0.7046306022516675,-0.7371179664843585,-0.03779202370995309,-1.2906745487994882,0.36329336234586407,-0.9587832140121901,-1.1403980849746453,-1.321209046673416,0.78023935888404,-0.7438114302549275,0.378553284133943,0.6810074291500574,0.36149147838551765,0.6613363636774847,0.18047622292978543,0.1833927629306483,-0.13619799318923753
6,-0.6844706713554307,-0.3580334246346465,-1.2674164185848924,-1.7065512401915754,0.7769412856490501,1.963119621749577,-0.5144340825866185,-1.393265187560291,-1.3721225347272972,-1.6379362313049721,0.5864655527690712,-2.257711430470267,-0.12423500714450282,0.2504630696693397,-1.1173396986669215,0.5902268169141278,0.948684948100573,0.1883342391060525,1.652039733604926,-1.5311079875274014,-1.0878911243628946,0.8558995900604224,1.3473130590603815,0.5057656756372043,0.16849231994132274,0.8688565766993268,0.02169619870990247,-1.9306163324175927,-0.13214646769604904,0.9332361845092128,-1.0039509152466737,-0.45400705981676415,0.7576091734565422,-0.3882370592249182,-0.7227037217327863,-0.13888012241458048,0.22157827128515936,-0.5413334896683323,-0.0001668544108465638,-0.22987742626454954,-0.32095623824765646,0.6143479873345281,-0.05049890965696555,1.3514781281454877,-1.71277910901106,-1.6600726907550376,-1.1751403064694839,-0.0820049513891976,0.019789682119746993,0.136663118250442,1.0054461891553452,-1.088551437652995,1.3814138981671007,0.19356517355772168,-0.024926076971355807,0.44311058858040875,-0.897742433139195,-0.975050476064026,1.308563431204553,-1.9382245959841005,1.021196374231428,-0.1479631056200842,-0.3106525071891144,1.2514869586214104,-0.23204112917035774,0.9783445093175134,0.8850105893040516,1.3836815768146975,-1.2208892664880902,0.47803482419973703,-1.017156897372646,-0.41989793242018164,-0.164025505857742,1.1888205375962606,0.5780248402256827,1.0453122558462753,1.1700758980144579,1.1508817556840203,-1.0044766630268311,-0.6873345149697507,-0.5386130810983883,1.3881089615631228,-1.2716028753913733,-0.13334746716351295,-0.062029575690513136,1.616892519450281,1.2974915474598385,0.3527232062009184,-1.1275950023084773,0.6151760494641245,1.0615426864861373,-1.1762107574193925,-0.9802503578331752,0.35282953910889364,-0.5489357701108303,0.5001729498168028,0.2169037174870514,-0.29631536833832695,1.647345897291411,-1.27436360682528,-0.8311481615157785,0.47766903577892605,0.0722721548795201,-0.3341595765036879,-0.5821167748961912,0.2569441345753325,-2.3497698828294347,0.4330748405724287,1.7219851671112623,-1.3336704903060266,1.281150660501755,-0.6841540823738659,1.2560293759891348,0.3524626510731856,0.02553317224501643,0.15162558312020116,1.7723410835007742,-0.9827215316727151,-0.6490963509499953,1.2852948340633292,-1.5611180043128001,0.519802307073528,-2.133556963208388,1.7011761311188942,-0.9447586403160366,0.16652454235651576,-0.2673583669057192,-0.24958488709459464,-0.5570496509636937,0.024025000855945347,-1.0244468204311465,-0.48877865740622295,0.19865271969340087,0.5498255431265706,1.3230551731765672,-0.34387629899216793,-0.22702484549323232,0.6441660924969369,-1.4250685598856847,-1.2791135420706103,-0.32427241647853816,0.1814368893866656,-0.9955440001650812,-1.4872735419686594,1.8816854784746664,2.039552364395121,-0.6366746547972628,-0.0483135714495708,1.462658938745741,-1.111517621362377,1.0604586571957277,-0.8822768865567375,-0.24905083154780253,0.8117708030088316,0.2902529089548026,0.9360229166991806,-0.7216124218954405,-1.1441373814050089,0.21102845986587343,-0.24650429287804904,-1.3185170451056936,-0.62897179471864,-0.5612938561554073,-1.0958469918926612,-1.8969058200435251,-0.10314603185883507,-1.497758417844696,-0.7074285831242878,1.3113997526008427,-0.9740963958522321,-0.6904076819010718,-2.033985076506269,0.06065944685505918,-0.755355630017574,-0.7121110476675705,-1.6892221622521708,-2.474795471289638,0.5559402889628074,-0.9421756305623196,-0.14899469338739366,0.3896136179071169,-1.6180842102280435,0.42135185757028565,-2.140348320392944,0.8228773821320885,0.3022108356183553,-1.3993681072105346,0.10321391018496873,0.013366188511382372,1.1925192599012238,0.03225096219247406,-1.072706630981185,-2.0233410532557863,1.1382149790504865,0.5414076901683114,0.20753392348251826,-0.08261943837686168,0.1536677357826068,-1.0150661631157207,1.0619103955813984
7,0.1447176052400762,-0.6100962608349122,-0.14027773002010693,0.5256969701575149,0.758265919450631,-0.29764720763051794,-0.15535628979799895,0.07316827166872951,1.482508357189171,1.342747374927772,-0.550892860950288,0.4103224184143908,-0.06322985117196517,-0.5158024327219481,-1.145222212673103,-0.058224376393324395,-0.4256755893227393,1.1122793478611155,-0.9016862998806067,0.43140624064059846,-1.0983624874493696,0.05722520239465151,0.7658048964650966,0.4869626089228971,-0.3967993530199492,0.7628341721043543,0.9803791187097286,-0.4602371995469511,-0.7888767951119553,0.7828577611169876,0.04761680858792697,-0.5873513233485305,1.2434242995212703,-0.6222497000849118,-0.653824538534113,-0.07877212083155605,-0.9535804859000466,0.19097185162258729,-0.8596679731268498,-0.4110010896315162,0.566550825541785,-0.17363771181868423,0.9289841916840367,-0.4309244061857434,0.668950676655108,-0.49385550044427157,-0.30834973406804406,0.8481212282738582,-0.7835478881226211,-0.29590479941840764,-1.1433831891667439,-0.3682234854158008,-1.1539935270391721,-0.4855822758962275,-0.29595574553833004,0.20489725387234484,0.45624432342311355,-1.1498445382540947,1.2747511034894214,-0.2521307163204406,-0.6356549564360839,-0.34088593241314924,-0.26506670999081644,1.0648903550748452,0.7533968042491215,0.8860901487395285,1.095678820695598,-1.7253533305253634,-0.20229204136376966,-0.48039884008159517,0.364402558910944,-0.18476577434396582,1.698189118997099,0.15447231604876335,-1.4202808849334885,-0.10574678422277299,0.5467053076822105,0.17490834433618485,-0.5207226520238067,0.8118542546597585,-1.0595018111184473,0.4611604722638869,-0.42441559087512304,-0.21870601724574085,0.48161185611166407,0.39827109490003304,0.8209770719900816,-0.406364226082341,-0.057495366659574616,-0.1189646555550706,-1.6168425022768602,-0.9193382292527623,-0.5101930466813137,-0.34376027086372407,0.41148494384464673,0.3692870411336004,0.30315560095526145,0.5117154298184443,-0.6792165344125751,-0.14683009403982647,-0.6538291374583256,0.5930097613826889,0.5740203464148812,1.2410508891161258,0.7094602338079429,0.36925672339812426,-0.47620765569153495,1.6414744805459687,0.7329754688740653,0.502770592504084,1.1389525394833202,-0.4268080148673698,-0.32349206910000755,-0.7047569890692313,1.0623673736111394,-0.026709023831949463,-0.33813955497056736,0.031170750724518123,-0.622964726214668,0.27178958992469193,0.5468858060907723,0.34060550786424043,-0.09266510230826554,1.1094016809023164,1.8144134899466855,-0.17647731741069428,-0.24066073766320742,-1.0445625629682727,0.5433813603841557,-0.8235375771405834,-0.5465217868607297,-1.1818057874332522,-0.4381937005516741,-1.34672207526475,-1.389012490180932,-1.5420747109582302,-0.019877332260890557,-0.18144937399707153,-1.5872984082882948,-0.4648694847383204,0.6996802618177199,-0.6094942432258083,0.11788162427985784,-0.8348742764236204,0.2750261090458433,-0.14985241769892438,0.27934758926942493,-0.7461888268845405,0.00015758348697475776,0.3279133221893391,0.5998251693498564,0.240123222429521,0.8655066820794909,-0.20583749451297573,0.5436423440438704,0.544542767628144,-1.0053401933663164,0.6108537410985947,0.2381711396327647,-0.46479572655114143,0.27275891862462,-1.273671502138283,-0.5637761261089874,0.35972268886147835,-0.497560019962661,-0.3595279057572069,-0.40576503416432785,0.33253018133107665,-0.0015345405863684933,0.39945681613865014,-0.4794299486459917,0.3288681452090256,-1.1242085019727823,-0.14007979948488353,-0.19034513748455667,0.9032454453785498,0.07747265950547827,0.7084655826850988,-0.7376395976322196,0.2740935702047633,0.25771678689955524,0.16311244781551248,-0.7891244725215417,-0.9412973657307551,0.7531172978402829,-1.8811643058168686,-0.14655970702912463,-0.5942901970398028,-0.4982593078521141,1.3333006851730456,-0.5642068869466271,-1.1000302275850913,-0.3204969746468074,1.384625091274642,0.7918757373955679,-0.8600642351206961,0.6675267143731253,0.03494020985975733,1.1706491994956958,-0.915369535275273
8,0.3494953969433906,-0.1531750384867471,0.8050179121368715,-0.18476855925494254,1.1417249142644668,0.3037072218526017,-0.5094608097752994,0.4322351325909949,-0.13648298519479127,-0.10803400778013036,0.1720948608918849,0.43367592111502795,0.037829342381315405,0.13653178723405016,-0.2659663404955223,0.11089259902200448,-0.3139548936913513,0.5893887592654761,-0.3487285545916619,-0.5110724603939881,-0.11335031988199067,-0.9999435915498561,-0.411145096102279,-0.24233378739536912,1.13640401739562,0.16846540927487058,-0.03207036143139659,-0.04872141781958417,-0.5744857900631583,-0.13499840177227213,-0.745270496151003,-0.3321509734774311,-0.09538708219574434,0.053625417020437216,0.08387753899856007,0.14148795866223368,-0.3279025057843167,-0.04384341412662217,0.578259165124356,-0.33859027363415034,-0.4383268493408297,0.5802385284757086,0.3415935683574594,-0.15283759066742467,0.2642912516157821,-0.03309490510090451,-0.7676552386794463,0.7489361429418722,-0.08674559867944255,-0.41843948582868523,-0.5477731127925436,-0.14628113529349956,-0.5042257148470398,0.7654327096916652,0.24279584450060024,0.6871159273304557,-0.24542817416245166,-0.6702516552852071,-0.39441000791454184,0.2676473825006056,-0.26378022456593453,0.8516497298043179,-0.2692139417890166,-0.073622781971229,0.026120557809205757,0.5463825401578326,-0.2959334583668603,-0.36246409925652323,-0.16374588143372282,0.33964718381919845,0.08978759271655283,0.13868023580011685,-0.08426717211106428,0.23958347514380282,0.3621718723677813,0.204738726646272,-0.3531266092376949,0.5888544647073469,0.8774959352455632,0.29832071852190334,0.49759170507121814,0.22074323350683642,0.04713583577702794,-0.2061295484493086,-0.07623008579557865,0.4763268091443269,-0.4298531160118548,-0.3305557204131674,-0.026663889070922077,0.3934517597978335,-0.11087976362971923,-0.5050753220301,0.4773698759211008,0.10516830596094291,-0.7040468410571051,-0.5618688852199776,-0.6825532752238596,-0.7086417596425755,0.5373151540184299,0.31100844562104935,0.17186175683306212,0.26690489639642995,0.7926658690442423,0.25033570317694637,0.7308499877533712,-0.37486472536813126,-0.21704164096363246,-0.0497070311869655,0.7561208546049264,0.2645974307739836,0.4349951156099077,0.7898549661111709,-0.2746695621095114,-0.048557129138530414,0.06589868802221249,-0.9160977566592503,0.40526238946877796,0.22877877435976923,-0.20161725666938746,-0.4683591443756811,0.07944834046353615,-0.5205648036669434,-0.05338110869356982,0.38028642165280474,-0.07506997211376747,0.3986067276786474,0.6497599655811636,-0.0438483825520799,0.6079664698008934,0.2727008606121091,-0.1978441073403871,0.7735543792435424,-0.0761078434204448,0.20881199331768183,0.30757114753927056,-0.10839496248580824,0.23576592942436203,-0.10144324478253876,-0.17632239703103658,0.6648894582136622,-0.0660548240643781,0.5114086564464727,-0.8837095973686543,-0.15373343410828003,-0.4654931932289779,0.1792053549479295,0.006490220016331889,-0.4163255912789518,0.42480476890475144,0.8510979844652028,0.6213625059449147,-0.6614331551418594,0.8503691524660213,0.23160693942949503,-0.348988348411895,0.48366961711412787,0.21873520404540062,0.5585333864816843,0.03795493477621601,0.14980929352743053,-0.5520334269729776,0.5260811484733273,-0.07828026554698006,-0.47929329689786604,0.36187942768458026,0.12082675459568033,0.45160049681825026,-0.0733145930992586,-0.12328304940868333,-0.1834700212962412,-0.5974907041788101,0.1564856816308565,0.06048832239933181,0.5908808333926157,0.4220003954032861,0.8701633772147687,-0.2700971800551019,0.009549223968038981,-0.21144747628181612,-0.4425135918400459,-0.286819173009459,-0.5942316637217576,0.023940795593661822,0.1480304356339737,0.20701382094515178,-0.18979459886855657,0.667695214054852,-0.18598115944656204,-0.07661142002471807,0.44023400670933943,-0.0774528125359518,-0.03288106013644439,-0.005545634967254616,-0.19099325148582608,0.21117266303071897,0.19109073423660777,0.1262337746348749,0.24711762684797395,0.3272444541140032,-0.710677206457968
9,-1.1110869873832048,0.002474172947366335,-0.8306813094579122,0.5049420648700601,0.10072668861395388,1.0925451630099872,0.8397831649070017,-0.15072331090600655,-0.3476610317091707,-0.2540954507817025,-0.5023434508951081,-0.1956436267970308,0.8892264188966181,-0.4443622799985341,-0.41023376685570384,-0.1459766599045698,0.3923831702278288,-0.7565459528813122,-0.5460699421252335,-0.599894423196891,-0.4365312532678689,0.4007204312776058,-0.6056532893742697,0.2520004906681354,0.2372581667264435,-0.58953746959856,0.11534070581091867,-0.3141396079333038,-1.0650113202279285,0.052038549023429706,-0.8644899573088997,0.29927658143972913,0.07682957065553536,-0.14901629881825412,-0.8671590013737159,-0.4354173869579588,-0.310110760458238,0.5015927460773963,-0.15554373209723674,-0.33547736221286295,-0.24119685091063975,-1.075169340618652,-0.11930667475367127,-0.23909676631931268,0.30424826380207326,0.4952635902264553,0.609838931603434,0.3417129418992554,0.17612394430407402,-0.2595408169219948,-0.7783220827994379,-0.4448398294093969,-0.450766315864647,-0.6755398177060162,-0.1813714081679536,0.007704484692974493,0.7083817859412748,0.3054509654219468,0.16865134835113346,0.232680585909805,-0.4766306159914783,1.0230176561616562,-0.1924680971699126,-0.5911023101894086,0.541716760299719,0.38542239374443454,-0.10226526033016117,0.24232366003550512,-0.9580004752721996,-0.2403645227878254,0.691160084991575,-0.0050265062137977,0.3647260592268777,-0.5131919884434982,-0.42904967211753825,-0.689384274313361,0.036940579015267164,-0.570653315169267,0.4806962856330275,0.39823532141763157,-0.06994305389833315,-0.14798850612657097,-0.4504738751520571,0.18594899415436367,0.9691996326092973,-0.1631405911876604,0.37680518481317193,-0.025511597578009627,0.21305611624582935,-0.18395984769781054,0.30078134491051756,0.15063030452139953,0.5986762767984714,-0.5188889286609756,-0.2777290717068899,-0.06690670835413026,-0.2521396615675542,0.22145436256217454,-0.6057099518095199,-0.7060838878060166,0.07612327004804788,0.12309066946138314,-0.056461278870086444,-0.2047388308601945,0.4423966777699959,0.38281478675003905,-0.37007595308754987,-0.07655591315943173,0.4224979014836251,-0.34133601886825465,-0.3771663753004509,-0.37774329098882653,0.21347916012781357,-0.12077831787481441,-0.6700320971479002,-0.08045817177881204,-0.2249243863325041,-0.12549362163700464,-0.38634974500757024,0.37516402669959265,-0.8972743961400168,0.38489370133337136,0.6540344096148313,0.49261495835842173,-0.17771609183456966,-0.8423845861326695,0.08761291754332733,-0.6928545840503127,0.30428966460060247,-1.119885217986697,0.5061427368110617,-0.07958018417048923,0.33801486280277265,0.6240215052922735,-0.45315159182145104,0.14193672169088906,0.8981228859141266,0.5137504303966476,-0.35983205614435304,0.07698563899698573,-0.38166367866525847,0.5664252222074542,0.11375170412322871,-0.5796723566130284,0.1983178214900241,0.3047181434599919,-0.4616464216106181,-0.2996632836176418,0.43540981890932906,0.47264460982291456,0.020902940885353938,-0.4620789153779167,0.32937355640324867,0.029752957975317712,-0.22945593673550554,-0.09722589865133834,-0.16766865320536475,0.22729206468256472,0.761859099233825,-0.5913820301995705,-0.26868696267511993,-0.2950526382856261,-0.40180769019947665,-0.23920663005298423,0.306607923999697,-0.4380905594419928,0.9078659976999958,0.5940400779647013,0.482476890046922,0.17645438869282376,-0.14901777174868805,-0.19695580139275587,-0.9166023517426811,0.15995341875727298,0.2370697067098315,1.1912514025519374,-0.6315236992966463,0.7030886443901907,0.03940249081345705,0.9881262857833015,-0.02638837768942624,0.8458406845299407,-0.23421930574987196,-0.3315744794169342,-0.020530979964771715,0.18107270338503412,-0.5955440099409847,-0.7552471291676358,-1.3277413497129968,0.4163972964024251,-0.17444101519366487,0.26914605002931946,-0.5752178461530619,-0.3896062865647665,-0.5172741729765703,0.5678393349413652,0.45949403255194593,0.5582514375053099,0.040713718605691715,-0.42688872756032614
10,0.47834934239428695,-1.318267740606596,0.5083733488256829,-0.8673715003859339,0.23765748736244388,0.1697753562197844,-0.013363946657461157,0.4460460713446535,-0.08731951108425676,0.6297195427249276,-0.824548359348245,0.19866857051844414,0.6625686844525545,-1.103897317631137,-0.6626966934162043,0.3074463730856016,0.16588988221710746,0.3872347338189341,0.0581427772537423,-0.05556750147663474,-0.7778132954258022,-0.20375042808362528,0.4794607076235959,0.2916527623487056,0.5774466769203188,0.5374781058701074,0.39860893288906796,-0.40102681348935804,-0.8936189156888567,-0.07764238423544988,-0.5533927808800664,-0.602269013443337,0.04594868090140607,-0.3317330675233626,-0.04843888491462308,-0.293404410763787,-0.5119451654299159,-0.13050313879762138,0.6388993816609388,0.4603970988333403,0.5150785442244917,0.6664109573983564,0.8004211465319772,-0.017648424600584568,0.04236612348522626,0.5310211761291358,-1.071798290217433,0.6809931462299313,0.4659754157659675,0.3931198059711752,-0.1511760696359789,-0.7951959827507235,-0.7781784164386477,0.6961082029846045,-0.7706470887561598,0.6345197696728323,-0.4760911311670237,-0.9716319404445264,-0.007449758259048762,-0.07031534184297347,-0.8945090646609543,0.47560820617631033,-0.7888496813021582,0.2155004679244139,-0.036094579790557024,0.17700095962847348,0.1601569558146427,0.6568852074447816,-1.0684354750277176,0.7714652211221663,0.48813333951451393,-0.4435576325610379,0.4893548459094109,-0.06685151765198848,0.175086834965161,0.32509887312178226,0.758535367560723,0.280262896780627,-0.1533444615244924,0.540284217381878,-0.08699493855836474,0.41518026334352387,-0.4952284209089095,0.12521516125940646,1.042748821536777,-0.4132439507508002,-0.37691162072526013,-0.07379174579568887,-0.7319926824593725,-0.5243712017072368,0.3759348920607969,-0.6565785572526186,0.11640481600573381,0.34367549318137136,0.27543950329231554,0.20678888793782413,-0.32284407672964366,-0.5716473434374875,0.1356954985276813,0.15419634975019225,-0.5727958257582608,-0.5064603360980788,-0.06902506186030397,0.3147735566299957,0.1288182019264588,-0.1498577880914833,0.15752850133460164,0.21458697378182517,0.0077804012465082124,-0.6681792906475431,0.26607186499641383,-0.1013889869915718,-0.047667069322642766,0.6466171569441016,-0.11190791597158892,0.4743830165950388,-0.23914623045195374,-1.18823370724761,0.04103206228705152,0.30832936972289227,-0.11991217273418678,0.8520829050258902,-0.08007415197631193,0.295425708606276,0.052863768513068204,-0.42643890681734103,-0.4369547949728035,-0.04860809683777737,0.5066502613177905,-0.11767675920349072,-0.17210621968366419,0.16320890731417323,-0.2054532275034059,0.4524352398352525,0.09229182650843146,-0.19113446451256777,0.2988613308850373,0.2988505949622438,-0.7665044460550156,-0.43412071149748216,0.0990250815173779,0.7759700941370539,0.40455946794438374,0.1199217436623248,0.331508066039675,0.265490389464317,-0.03026350643770089,0.27167373292463853,0.4573447648153011,0.14870998638251703,-0.1064369879971942,-0.08553832672511733,0.9147301880131673,0.37484806296292655,0.5964257084573505,1.2449533627133755,-0.1692987585759409,0.749366042138968,0.007267082479500433,0.37427680275398584,0.14585969144229735,-0.713012805093946,-0.5794614486005419,-0.0854017305090531,-0.46348262859722184,-0.08946180272518811,-0.02780409749790799,-0.4258496806971518,0.2000325378455742,-0.42113045796145504,-0.4875345954221362,-0.3164663260030808,-0.5980781825649698,0.13383678709345306,-0.023343780862970294,0.30534849028397,-0.23915292570893168,0.21867273385757305,-0.7133013125260753,-0.009842544046830451,1.0010088199620557,-0.5909122992813279,0.43555960888835815,-0.3291198856358897,0.38085507571629923,0.5605830194537961,0.27932679443029595,-0.7579265078056361,-0.2538146395974649,0.7518887100649381,-0.21741967812810825,0.04529382633059009,0.3288193449098327,0.14038478740500637,-0.632205264549708,0.11643518282913615,-0.34037134412512976,-0.11488961736379902,-0.5792949824879277,-0.16300754933791978
11,0.5124834333316165,-0.8484794121517537,0.36707584996559095,-1.7049757463389916,1.7794498482005978,0.3475910187760563,-0.3238449953654849,0.8258008961691256,1.411283199477039,1.3554260618964555,-0.7347110048470852,-0.45261312713345736,0.5711903935956375,-0.7167032324791089,-1.215093894827298,-0.0748758034691535,1.125074828208217,1.3686345414619947,-1.5618989085598503,-0.30849213429519107,-1.1696649692002865,0.5957839602662575,2.1216914892255243,1.2253880325382844,-0.34681021876108914,0.868463333855607,1.325719729279739,-1.755496251794149,-0.3674008329159957,0.9192159960734747,-0.9265771293453426,-0.29050381761221816,1.8984831390882588,-2.2267058644941846,0.10658258017578515,-1.403115124274277,-1.5896535990042526,-1.00657037628386,1.4948256109885247,0.20062877391402265,0.44240221828989823,0.06715895537734122,2.3554254662143,-0.42121074937140773,0.8268731002969198,-1.1860226760873174,-1.453060411017699,1.0307679675763608,1.1140847694250573,-0.21569282611397592,0.10581261739496263,-0.7672425732222842,0.07408827731033821,-0.1460233353948051,-0.15710192318886462,2.1855830184225384,-1.7131237677408295,-1.6454020532157376,1.5934022025048478,-1.0787961064351286,-0.6943700215323072,0.4369228919003643,-2.282869491829019,0.5539364758228574,0.12930401849971698,1.4399387952769962,1.9703630152695217,-0.10927586522299682,-0.5581175634773896,-1.2030876840463338,0.3714108256896476,-0.8346998422743187,1.2739063183576385,-0.4119727992476041,-0.9951438395044818,-0.017846640668257564,1.5294389848734165,0.633033658265934,-0.39169323757092633,2.061232749229661,-0.793195425460953,1.837773151653829,-0.845458317366641,-0.1499593147102317,1.1228513645803988,1.3049954196866935,-0.366595832658788,-0.12240337806361025,-1.2361011776737347,1.3591563122311485,-1.7357481224698492,-1.8027348521630242,-1.1905209059701236,-0.014201733568231055,0.5703494194416274,-0.3425438048911189,0.1775912143548441,-0.06661629245529345,-0.21901487898937386,0.25808225237791277,-1.5648347907367792,0.31447049745471317,0.37468232451380357,1.5152738073801637,0.06443790575636252,-0.0688046081044313,0.6558522102937322,2.2727623680283573,1.4052831920553217,0.23222168215467232,2.2681871583956577,-0.18943755263047735,1.3890258739842058,-0.4065102757495635,0.7625807412223851,-0.14515586834968544,0.5317452410676411,-0.9357854674666608,-1.536756183611261,1.1783362539068667,-0.8207708974556243,-0.21434728568829278,0.31318792052389827,1.3113120302488779,2.2115530465525564,1.1331883416303046,1.7347049088596087,-0.7613211025316697,0.3262321797000462,-1.3658446827172868,-1.4729617388461025,-1.510228868875274,0.23116070708354947,-0.8624841228767192,-0.7443774342873825,-2.4087493996076152,0.6254195577838724,-0.8648570973245305,-1.0573194925534537,-1.8824026408396717,-0.19687698785520422,-0.0336145483399581,-1.831599261477618,-0.6974077983973537,0.8978874603544593,1.3449806428408586,0.032754820673732137,-0.21980548688756182,2.0333293061478743,0.683209961295906,-0.313969334713096,-0.6432301566742743,1.4395060447649664,0.4351350460111975,0.9250063111360091,1.5105546622654706,-1.0646073518195007,1.4602967671314588,1.2375076457288368,-1.5912995528084326,-0.018293179292611587,-0.944937283037394,-1.543300760008897,1.0808035160058018,-2.044569484727223,-1.319943143892005,-1.8443165219640616,-1.2043132044434037,0.487205133251234,-0.08653368499887122,-1.3407762780503407,1.0223212973154716,-1.3633354800837647,-0.6681338381230145,1.311534774989162,1.9698913376528893,0.4093776975260868,0.7325298765546583,-1.4257718708523535,-1.0133128065077976,1.6580374355786547,-1.0024544012189234,-0.3314104339451263,-2.2142761286062465,0.9755640835292168,-1.7318962747381814,0.8306488397745968,-1.323962466474081,1.070419690501519,0.7126340916227148,0.7489396911049114,-1.152160749225962,-0.9236186957585083,1.4794244896761681,0.6594086115316766,-0.20513365599140582,0.7957435791993868,1.603951416374661,0.07119187458544063,-1.8247402944003366
12,-0.8718744203665033,1.0603103192589998,-0.8101524561082354,1.1134965638344863,-1.1212490101949057,-0.8308603132099874,1.1116356824939195,-0.7534744062416836,0.2625367801512764,0.36634781274724343,-0.32449289396336756,1.008235575592082,-0.5833796725843732,-0.8423099880579135,0.0905228805664921,-0.494871629588036,-0.8968726576292138,-0.5355684214152872,-0.670123892160892,0.5286574407638372,0.12152220067532249,0.5524899520961012,0.18619658909984532,-0.47834145228771896,-0.9448730598790549,-0.08611735714735601,-0.09397555825214453,1.0388906153514907,-0.6722285208770289,-0.18790221572760268,0.5685316225044683,0.7439284907096291,0.006369282206871253,0.48200196711840176,-0.46000217882586353,-1.1563118850521377,0.39124034936929847,0.625294765439619,-1.188244576136969,0.10332252758071103,0.558006630062979,-1.0194225442486768,-0.8237729219376031,-0.29420295798985435,1.003981313728135,0.0883390543039379,0.5006503250844062,-0.6446766982207717,-1.1001696902886198,0.043627879628976594,0.09364752236919803,1.7152504903897192,0.23956673307184745,-0.7141304328323819,-0.23956927574532508,-1.5229253560129021,1.2068915579509092,0.14557158468250878,0.7251003513859245,-0.5072708254823523,-0.08594637941367483,-0.965492594475258,1.0371080180672758,0.24331601060116356,0.29051148759280787,-0.7866127890060371,-0.18729691445686103,-0.9466359187572838,1.0219095900765431,-0.8443518667813492,-0.10028102890181752,-0.030101709422690748,0.7037187139255957,-0.7116906197454006,-1.0196966944749526,0.056606101764457795,0.41205436033199844,-0.8882016424946216,-0.6774115948147996,-0.17274147588603703,-0.3638816954809778,-1.0777204882844238,0.7873756425372226,0.1306509980704105,0.6060931003709168,-0.7425132579758473,0.7320741359521018,0.4269353920116373,0.9059017439500454,-0.08902817596683718,-0.23979592868993857,0.5371513022614944,-0.4840284062114694,-0.4790692268384735,0.08173901068228574,0.4457410935730353,0.5971385036529747,0.2672038121171997,-0.5262734699028289,-0.9189206096825918,0.24076155944387298,0.34552491633237614,0.646012642886122,-0.4602904164614233,-1.3411237357312966,1.4828358657933416,0.05917933529270804,0.5982294044061625,-0.8538810715003292,0.17789749622600387,-0.5989406145401709,-1.0211336260617672,-0.8493663189309758,-1.2952242950911401,-0.025421432892615455,0.19932330113128563,-1.3606798435515775,0.26410288355460987,-0.26100094329374013,-0.23137789229871553,0.07625260861145722,0.7510916214312067,1.2244155938501051,-0.8222860008079064,0.3273673434322206,-0.6553906247954593,-0.6906439120822061,-1.0583368915571953,-1.0215467010623924,-0.27312522144968443,0.38877455120296917,-0.7950560785736761,-0.1320534908417939,-0.7519631948354956,-1.3116278942206518,-0.6570627694231626,-0.20648486729549564,-0.5357445114987667,-0.4493965948345602,-0.5763810095934102,1.10409025577818,-0.24584486924051624,0.9999123173296915,0.4091509314824644,-0.5740526945544272,-0.8022512211015796,-0.229433792696223,-0.4077154583123636,-0.6398662101423185,-0.4460547701235123,-0.35290335204755424,1.0749702241498573,-0.40981002501531816,-0.6509750442925524,0.49044881261836365,-1.0728773424822475,-1.0599947756405275,-0.06774660422657541,0.7512178373652196,-0.3817311063981336,0.7347363046392787,-1.26703789524293,0.05436780804160999,0.8371537196897789,0.1699080842900054,-0.18707940755604358,0.570287117767169,1.0999370100368975,0.3377063571231244,0.6402270788804909,0.7560047225905058,-0.6988371258907761,-1.2944119349545902,0.08542535699943704,-0.21801953384033926,-0.3056440780643426,0.6102988876468477,0.3595818460210309,0.2475112392566684,0.3373569757817219,0.14105076637127342,0.9920041335799439,-0.8694312022173308,0.09657676856305482,-0.3902250788366484,-0.19228009049544856,-0.8448509857184245,-0.760183481339522,-0.5964930862852227,-0.13893949979151946,-0.9769568012586403,-0.8490714073785804,0.4821441971541008,0.7100774613163333,1.2198285641701367,-0.025059291969855714,-0.4878103905423042,-0.008332369380510893,-0.2781032392515208,-0.7305188843950607
13,0.3886850346981114,0.270114024664124,0.4069854638125911,-0.8146566815286359,-0.8602609565257973,0.16562021203043464,-0.33426526462848566,-0.2109881218151767,0.41904312055898957,-1.073800199709694,0.1223939825300095,-0.9598714374350507,0.3529550350297177,0.6818176245059452,0.8503086003885088,0.3230958500781723,0.5255590670600525,0.01900751867962136,0.3152705286167706,-0.5183618737138594,0.018395155858942063,-0.4750571202288344,-0.32399904702391574,0.3039544776881947,0.0706682802346339,-0.1508482093427913,-0.2188701331022225,-0.6956084274381784,0.34719340995190334,0.14599296350597396,0.09471324225079306,-0.3852890903901153,-0.23057577062823525,-0.16762638201130436,1.5925378846279041,0.9159979345657419,0.45209410435399033,-0.39913922287100423,0.6484934850813016,-0.04311745117402491,-0.12841771192890886,0.3359214028542154,0.031514608446091816,0.033089297203896445,-0.5339897647148588,0.07648684795679775,0.3501327757493408,0.25018696588039263,0.737836473388185,0.3923425849947788,-0.5851955883813286,-0.07179097923580745,0.21197227846400837,0.3790086296977703,0.06134573756057732,0.8063259258048345,-0.8056203225945001,0.29283880070037915,-0.26900965339182326,-0.6766222413171263,-0.1543842377774879,0.1735459191112051,-0.1756121682218761,-0.15238948034533958,-0.2525974217299144,-0.3717199914403627,-0.14438927429546602,0.7495987781112348,-0.5794184964185434,0.7854759946843192,0.05980637010685295,-0.09062120160917429,-0.38239492357595145,0.44499262504613574,1.5159595606701621,0.10995347858438878,-0.5303688081387534,0.7125429889320868,0.5912312469549944,-0.5415006818036258,0.1652781492293085,-0.298541309660342,-0.22242544617756105,-0.10791847130593342,-0.2052534440057797,0.6663492228682603,-0.5210924352254783,0.41680825783937636,-0.34515086857320715,0.0980177074878,0.9202131560419973,-0.02983381532503238,0.19152661514026306,0.29219632871754486,0.2798182846119461,-0.27715984028961876,-0.24116460469631468,-0.051706927679197386,0.3827827586304939,-0.06721276326335815,0.2251735138779487,-0.0763654187115612,-0.22589856474771325,-0.07940840438360133,0.15795077305241687,-0.9505162202179772,-0.19284608457368826,-0.6904771294936565,-0.05017389039018822,-0.4663529868160853,-0.0057375564944676955,0.973061630520774,0.5074147476775128,0.6103306784875935,-0.9868701771591811,0.022841384139081114,1.008712683978645,-0.42579292551664527,-0.03332937888157849,-0.37934837578561514,-0.24285920347398615,-0.4208776080560644,-0.888091226427065,0.800675054392916,0.17718265319422147,0.9449032344296578,0.4518360362338636,0.7372972809794797,0.4050151916925933,0.5203042167378984,-0.06428592432127711,0.6529165074689869,0.09336234491627929,0.47406096834602357,1.4050413658431617,0.7608571595732355,1.0047091313540246,0.2512265809285665,0.3004410461289114,0.42029880970667266,-1.060976715688222,0.2033560221535129,-0.4888927597616281,-0.05256645670488949,0.1810230428044153,0.6883969456454627,-0.26706195370219094,0.37597851340780636,0.49035171021145424,0.30241692897870603,-0.023658380878802367,-0.30892161392499906,0.034147440024479364,0.8676547481064125,-0.33888158120615786,-0.11682912631114659,0.9529750807900654,0.2749386916671712,0.4098251749216948,0.5971643928548208,-0.005454124616203909,0.6380681341151258,-0.19585583900448988,-0.8775021702121394,0.02358765872902319,0.17848127598502664,0.3328554708401258,-0.3262735802804161,-0.3843899420587937,-1.0906974683870068,-0.12580271134441212,0.23691539533696654,0.9276440464066594,0.2446301272598083,1.370545741978941,-0.018035740793992436,-0.004045806980850517,0.3083630339689337,-0.4258928523610352,-0.061838560793532414,-0.11258533848548745,-0.844644116044646,0.8311616673611752,0.3660272917428459,0.16775789137728742,0.6877005139984064,0.1364194966985195,0.2831400207516887,0.53190646439469,0.12567309951245617,0.9642455533261272,0.7054064265250116,-0.512010800032476,-0.8587985785623511,-0.592315053776762,0.4480087882154016,-0.29888776529176125,0.34667609498457275,-0.16487359024207815,0.6506652891063626
14,0.06176955645275006,-2.401027636849485,0.3843358737481489,-0.3004405807656992,0.06817201380960157,-0.7039490071219796,0.152308926202988,0.3977092460119764,1.2518507636383316,1.7939807408719037,-2.120960288593601,0.015147867267275029,-0.1155001153560399,-0.7981835256764381,-1.9499901494273835,-0.20558207281268487,0.8948587765067351,0.39088154010831877,-1.5042339078726183,2.072973505276608,-0.1680769426676858,0.10808744144313523,2.234304653425222,1.5567842031740187,-0.9710896878591919,1.2431372591936958,2.2383802777826602,-1.0241888948638296,-0.7271286644593238,-0.38201367788396046,0.4863739965514676,-0.8762990620647768,1.6395608033949733,-1.5543652525339613,1.2327319385247915,-0.7495971890132713,-1.8514499260846857,0.3512837079106485,-0.6583460792148674,1.8822589769927738,2.4701370336493107,0.2515487180009056,1.435428123556307,-0.09174374413071759,1.9645004435161495,0.6741254488015275,-2.3413439378960184,0.900460020565668,0.787830653583177,1.0921317536084283,0.836644287611192,-1.0354639686725293,-1.5612894928460348,0.5409805437711067,-0.5653950348094139,-0.17447430048250975,-0.522587925203737,-1.3042330953616268,0.26812882976526137,-0.9244577503917563,-0.8768513441526872,-1.0528398162998813,-1.7695461504509256,0.08584399317504489,-0.29775265072195517,0.17884896279929807,1.6108551757484926,0.8726887034315639,-1.7117348206960767,-0.1368721501081514,0.9026330725704701,-1.4504486475289047,2.7566819813365,-1.760070531934359,-0.8692130261522292,-1.3185175320327363,2.0599886130571488,-0.49569313685856,-1.8815956216088072,2.3305673776594875,-2.442478692004465,1.5790005475637503,-0.9901578694861736,-0.7965941985016081,2.1058083600410744,-0.13643713039754415,-0.6896802410532631,-0.5765842127838849,-0.8812935825207612,0.15979618106347657,-0.6810876098600201,-2.3441737913429828,-0.7546808821486736,1.389606658134252,1.5707577440926386,0.5972863569059864,0.3546010790302864,0.46106879011413243,-1.975746103146721,0.7355674797144655,-0.8855298648784875,-1.0143989187635107,0.32760237731176844,0.5596167650277264,-0.12967012803429712,-0.48694698346954435,0.2854309835853357,2.596080529078673,-0.38593756598154727,0.10916091688992378,1.1513146340302394,-1.0092713137090767,-0.959044450832973,-0.8520943850618973,0.5638608762371389,2.601230918771169,-1.1111416613199019,-1.2934728169401135,-0.7495659821680127,-0.14957282401586527,0.5074825099686028,0.2180984794882654,0.3849755426318661,0.7074310082797999,1.7916281940678302,-0.3665553832918003,-0.9081633815721105,-0.4452936266482791,0.6953809577270406,-0.09693377598678578,-0.3396156837241266,0.3232363275845532,-0.17933144327417344,0.16855259969715455,-0.8081304865085664,-0.7959407227931726,0.15123205152550462,0.8598972383646428,-2.2499941002990416,-1.165411885718483,1.8327506023805684,-0.8206143267433762,0.5553696420528555,0.8836993621603288,0.3137810619696535,0.363715412649365,0.7969708071465794,-0.21037582659313694,0.4901183879006375,0.493677902997742,-0.7681234956575093,1.3185776789005683,1.6080261287386766,-1.5839720358306946,2.842597306508504,2.0998890468974643,-1.8923792712513063,1.157652943562303,0.6284915949085891,1.1132341529676901,1.263990364740643,-1.1100254100840872,-1.3418919376788423,1.561546213714602,-1.0908991128460797,1.1202402002972927,-0.6447512640257949,-0.5420151588553328,0.2595730885748469,-0.6585966408775312,-0.7396264625307323,0.12746635602319306,-1.2093603491033547,-0.9260562296387004,1.1416181777272276,0.023036038440053613,0.4505654342036682,0.6125206657699843,-0.8564786350404028,-0.8839098018369342,1.4076203390898516,-0.1142820056137141,0.20725077310888748,-0.8580409635835315,0.13273044568305767,-0.17715980786879681,1.005135861495504,-1.5022385591958283,-0.17010968080950198,1.0358571997289268,0.45711579141816994,-0.0760107308386539,-0.853211450961702,1.6430316169260066,-0.5622453077483753,0.4946668609438407,-0.24364595026467292,-0.1650284003560224,-0.9492467174137864,-1.0154714119255424
15,-0.09541801758323548,0.1588459969384827,0.03700617884340888,0.46249230145917275,-0.4871382372328476,0.3654174883142698,0.5053822845484275,-0.1018868430829814,-0.9277740231845928,-0.6277459165551049,0.3082604014995185,-0.12159245517787953,1.4086450437449063,0.4385325269699319,0.25460057052895163,-0.37732950679112437,0.4931949740102076,-0.5742838774067915,-0.5386898376879451,-0.44962193843574505,0.7465390921146665,-0.12042245712122115,-0.8137473216361677,-0.7657820023429652,0.6174413892352848,-0.5333224348903196,-0.7891341121346094,0.5459910545817573,-0.24363844110798485,-0.31957571069167756,0.17061459100607046,0.4605706352921546,-0.33199899909863173,0.0021060523449001217,0.19200055443732417,0.010323747246577053,-0.1519357850260546,-0.056480442802635984,0.30475724591491377,-0.48561199309387715,-0.12922937298836393,-0.4862452508540629,-1.0655692734795938,0.6883039818148496,0.21203542042056678,0.41335342650107687,0.8312235389392493,0.08778652030684858,0.16670155833364816,0.5361254926661109,-0.4874395513956365,-0.27014486925325915,-0.12889688812197872,0.020480802346838994,0.5367087247391791,-0.3959117930151094,-0.05278616784616312,0.7443675573921084,-0.5095630125656068,0.5042969510670423,-0.27001323406588834,0.8314742308030714,0.3382823943021719,-0.29572229234704933,-0.25743379275456446,-0.14089066029890826,-0.6869722541537038,0.8669987352160407,-0.2138537125727048,-0.03223112286276826,0.0460550558050424,-0.24859885173726348,-0.7857942861448255,-0.06805274421732534,0.1881665976443698,-0.10111377266573279,-0.8222371292756137,-0.6628963741960129,0.8602253587871863,-0.006383130387404224,0.7648073993882027,-0.6787192512164576,0.18997127428686758,-0.23355920329134294,-0.28560540888603947,0.3001817005883543,-0.6470334257319973,-0.08017757119395744,0.23107854062229374,-0.9827842929925638,0.7269520424067712,0.2978743060525114,0.441514155921012,-0.4915110386852715,0.16115116871117666,0.30786450889027045,0.20109796235756872,-0.34006214789443356,0.09819318358354269,0.29609007836696094,-0.07125741600433788,-0.6736243006647907,-0.2497757958663319,-0.7107887268892592,-0.07601982848351817,-0.08393675651393837,-0.008371029843277748,-0.9280095342291137,-0.13221429436743326,0.20701213617969047,-0.5117431100467316,-0.13206413860398497,-0.7539006223732424,0.6984096599001989,-0.8276945077449331,-0.1444135142885361,-0.40157631426056284,0.3136275213051217,0.8943839225306888,-0.7553516364242578,-0.2858511361428298,0.26484199000388875,0.6203359209657358,-0.7130354177697756,-0.5367740464885412,-0.7777819135399165,0.05539717716833519,0.16131064816601354,0.09658093835979058,-0.08528358484465091,0.38694675794661043,0.6591306538720073,0.24685183851572787,0.4658437560828073,0.07711848706855615,0.48321972795076507,0.1658354566462856,-0.06679742998868296,0.449839110798811,0.2300453167084066,-0.4340470824502752,0.19197709284285355,0.29383652604416877,-0.29106571327645847,-0.4810079160374784,-0.12279410006091784,-0.6178174827232429,0.8379584060838743,-0.5621918199057766,-0.30362953186515446,-0.33077990352839987,-0.7254046278824439,0.07914637899489325,-0.10988440753819538,-0.3396805186771277,-0.924893844990205,0.5754680477347935,-0.3387455391372969,-0.4065234032464199,0.015968715962300623,-0.551823568404955,0.4155967628624981,0.04215475209341682,0.18286895020450938,0.21296793049686608,-0.05083934234712465,-0.005612524235926558,0.2963811909879977,0.1553944115257562,0.7281886622964103,-0.03038391665197336,-0.4375985786768565,-0.2856528002925538,0.5557992225925842,0.1954062580508066,-0.19591514970401067,0.057732310316270546,0.1866528337390106,0.8767113310812485,0.39544638659736664,-0.2509911630524627,0.7363693970937205,-0.32012047144077577,0.7307680311881877,-0.7107154155197178,0.47376129729947275,-0.7414222158858629,0.17858569792213183,0.0969529259522033,-0.22491256052084813,0.49461692543538216,0.29321344170628433,0.20546677356518953,-0.48065102790480213,-0.7144487001278267,-0.09835495418757703,-0.058730751115895936,0.24549141832919386,-0.5100380764616513,0.5291415882801186
16,-0.8182959428764994,-1.2456604613420486,-0.1319517759821364,1.3723947820156706,-0.35679250722666384,-1.9400445585907389,0.5171864494749531,-0.29341274481536395,1.369214648390052,0.8964334328015681,-1.822094365872211,0.3548636178628184,-0.6072170220850907,-0.5089839326266515,-1.71907188547226,-1.3143019604466888,0.6095225915815037,0.24065637293833575,0.13602284643757273,0.9053924050382447,-0.5465017469931445,0.7637042772726172,1.6671614863371802,0.054501969949676266,-0.1318139378006532,0.1606115528140802,0.7100417483834537,0.5985507655300765,-0.6003263246989682,-0.815490393968438,0.911620912224462,-0.4340086284991031,0.49540199717211236,0.13116433708205216,-0.5534242068155865,-0.0522320925286573,-1.1434528373147144,0.7180554571838019,-1.3054486126823504,1.3736861734753503,0.683368184250416,-0.4855344168163633,0.2617548209969909,-0.7057872606159256,-0.12248482688403108,0.8948166082234366,-0.07262097747898917,0.6625696108398277,0.6020729210425425,-0.600204964978601,0.05067835316301925,0.6416843775112173,-0.8672765142407461,0.7328785476983586,-0.9383685132389662,-1.575247962657804,1.1630533900071793,-0.3822066065825883,1.1327949390852452,-0.4807380111184618,-0.5374549271876239,-0.8481308882517362,0.6780639340807998,0.671166949278566,-0.0451055248244487,-0.5940086616163002,1.459028043861565,-0.1897019823627173,0.06920887722553597,0.9200776693231156,-0.054403919142173664,-0.9345865240297785,1.8717845626374978,-0.7756046479998002,-1.1019154152638602,-1.2668064324225001,1.8188365185137887,-1.444396082806696,-1.6341794615228693,0.587997373213687,-1.6708606574253722,0.5780851220793825,-0.6764443487525403,1.177702197677719,0.40734272706394514,-1.5095312708605073,0.23785817305605655,0.10290224964293392,0.8957286155971633,-0.4044801975333451,-0.718199182492576,-1.0711418652799254,0.017629254286279296,0.8567143030423439,0.5275047736909491,-0.15297644406710517,0.10858733151516532,1.3162794118744239,-1.2190974926637668,-0.4618210536063228,-0.05900635812333755,-1.0447027633153512,0.9482989640076944,0.3327448073860757,1.2337521426649163,-0.03110905617210942,-0.17077026736967096,1.5301385313984486,-0.6548371156776694,-0.5737142337629971,0.10536981482758832,-1.2546845896499619,-0.9871825421730043,-0.6351081546604808,0.768788529733558,0.6861008759822298,-1.0424070656487794,-0.6242645941521195,-0.18071436033165647,0.44627501110309625,1.1132886072229253,0.2882835000563842,0.5110649299990346,-0.5037625030557963,0.9978969574066742,-0.3847384323016659,-1.2645352587597025,-1.2653532080686072,-0.08261443277505373,-1.6941809738905569,-0.6815402827677921,-0.9001457213063452,-0.432627250341727,0.29353397581811635,-1.1214182819901215,-0.5232601051765823,-0.2990435884708573,1.1345646221356946,-0.9486170282134879,-1.3036923983849402,1.6686454118426046,-0.35527904263441934,1.2264021374539074,0.789764548280028,0.17277390715089122,-0.7038617916240802,1.6947953864201488,-1.2202627775664225,-0.27946153785753286,0.18034318534190735,0.805120507662898,1.1134850390156834,0.30095260226522097,-0.9745287487099374,1.0144112579879248,0.6197221698373064,-2.2265247046114025,0.8319450453869852,0.4371447505769492,-0.6853464367967004,1.1697026866128726,-1.8211365186020716,0.11493609186811025,0.6512035829134198,0.33622468077750634,0.5960883767602444,-0.12382642590984896,0.26387721295229727,-1.084681751914255,-0.40655626342139567,-0.5050189924004236,0.5258892408929218,-1.0789451600512687,-0.6601763479021548,-0.8475845625356827,-0.06585727306482107,0.1689461352744731,-0.039023535023096,-0.6611553829420997,1.0695429038983393,0.7807337630466681,1.6408224019015205,-0.32120198805726424,-1.3248084961742967,-0.5082985623735315,-0.5813296112284844,0.7314946337585702,-1.129493660736748,-0.0006301922571867075,1.0012419851334722,-1.5376347540217472,-0.7334133512102575,-0.07232041489604837,1.6801541388981298,0.49571740130289127,-1.0008447886043306,1.1875532674538833,-1.196248159432278,-0.023029695819141514,-0.061763409286566394
17,-0.10326118450890824,0.49349330524276874,0.21723330924845705,0.02004823109478789,-0.10621646585990374,-0.15833271847974795,0.34436278890448935,-0.4503447307519194,0.4196350058124576,-0.3193208334143474,-0.4005090484019576,-0.09844735970015425,0.4036193555340316,-0.12297899426557328,0.06405738490631772,0.42286779390080076,0.19384717173270094,0.48354924728673687,-0.647457015894714,-0.9273654661093609,0.06860829179242282,0.5047543583675893,0.054774560210801126,-0.08145570598938867,-0.18266870532345644,0.7348089693158482,0.7627237760097593,0.2054436908316359,-0.024093158261705393,-0.3052627823920457,-0.17598143669268776,0.01567808428789989,0.5268043393839321,-0.28269640669816676,-0.32807034865301254,0.15084938450921026,0.2766263635033895,-0.35696755825611903,-0.17011257287197987,0.24040132195481756,0.039269799418935526,-0.0016532334667474658,-0.2154871579112818,0.4643832226990343,-0.2980982599115712,-0.8372756481831748,0.34923520726320856,-0.6510485534664554,-0.14906366724778755,0.6998974135567748,-0.41023344715309595,-0.2128088892996651,0.15723343225437486,-0.5014828426200332,-0.04900394875833762,0.3568652122647963,-0.4519554427088423,-0.08466982134463295,0.4158567915491202,-0.680124158411674,-0.2117961985781875,0.14026957408743249,0.09712395375204738,0.23579525543784924,0.1280391832063209,0.012855171843819763,-0.0680644502782199,-0.032914188064712836,-0.36885155987370577,-0.5392670073120438,-0.40463397746763347,0.5712065702611956,-0.23091664246675414,0.3957506916173439,0.16915493919418173,0.30595982395718246,-0.01125633944593231,0.598139867916704,0.4140133870863705,0.9677654396831319,0.952720842447731,-0.07548870047792888,-0.6618695948728406,-0.9380726923730289,0.3681415583585322,0.499038961119854,0.9912428462827325,0.255931046835161,0.00222487589664147,0.07017800754528443,-0.46024209671752464,-0.0650408667770787,-0.23968880542266136,-0.6212890665463571,-0.189559083160918,0.49600944830020327,0.8373552504805588,0.401026988344066,-0.08596425581696115,-0.4153891148565424,-0.2693901101820723,0.41652840194445284,0.22582668944063528,-0.07845657313891759,-0.3596469488003432,1.2358290914257903,-0.10429686622380545,0.02950648387538996,0.16120174692256103,-0.15741426496559582,0.2515418429433231,-0.5131995455907945,-0.22981022709213803,-0.45004240058866174,0.08768889563095761,0.10167894850460979,0.21574252415587608,0.35224473458582534,0.2409645472104651,0.21441089471488695,0.26478319557540697,0.5639547917579528,-0.07496457106639765,0.14769555235739423,0.44707329649693767,0.8807319588000359,0.2611006816118035,-0.5733508384142819,-0.6879883251897233,0.1859813225888645,0.250095758603889,-0.17314557606713074,-0.7693598768995101,-0.6233332708941999,-0.20985440034230474,-0.5966317418427475,-0.32055301854273716,-0.21900663701688364,-0.6039028882325924,-0.30429052208546176,0.24306065252139625,-0.5165715657673641,0.41220429831074734,-0.5175407678723962,0.6275940206252268,0.19748261562643923,-0.372885613547063,0.25091272429813377,0.361806968315186,0.22435378232918268,-0.04990729522254988,0.23901994539757893,-0.05464371053005777,0.13442852852354084,-0.49611902799378343,-0.21235078725504072,-0.28269591551998746,0.0330868104205114,0.45485276004153574,0.12042277088280488,-0.38448562564505145,0.020394454181297667,0.17309130958138752,0.4616483951216223,-0.576667081190707,-0.7540354883262829,0.26668595981384596,0.6340472239907728,-0.20478406625431977,0.42632753064160733,0.27106601917210305,-0.38786835654870583,-0.28784882530060396,-0.21096194399925436,0.21535688460245841,-0.14161667229247596,0.38445287050803095,0.5732044445344073,0.42574330292108997,0.014940049194013039,-0.1451674639343865,-0.3099753893913028,-0.3077042387601728,-0.13602958198168108,0.2783475174368075,-0.038754082485481775,-0.10011776251238368,0.07370170723817106,0.15779424632475963,0.3855259693241487,-0.0707016076464498,-0.7894039139093758,0.15565979034577992,0.4519610207978004,0.37226953638309385,0.12172584905216159,-0.2456654452905424,0.9324194614897063,-0.673309063716203,-0.6111721102009363
18,0.14660095793155312,-0.5379883565356745,0.17344537738002275,0.101761136012875,0.1475960621885038,-0.9686114094209262,-0.3828048317982648,0.9050884464894752,0.5153892828542237,1.1429685059288468,-0.7806162434458627,-0.2653855031625445,1.0167550779525327,0.36780313573716983,-1.0575654221262911,0.04711040709450956,-0.27233573132116945,0.21911589304596504,-0.27063234569476236,1.1888828018606863,0.43347538681595205,-1.0796581914962124,0.08753641793165608,-0.19254622765550658,0.2988904381646985,-0.6550069159568498,-0.30966075199275517,0.3816627854246817,-0.05330024593026419,0.11496431600286586,0.5067652830944149,-0.9829772622192543,0.06500292224042001,-0.5992870734157025,-0.16774886633988995,0.5891331171822974,-0.3241626396551184,1.0848249709198134,0.6271307096875733,-0.30553824916149014,0.7816144862448067,0.06352749718436329,0.17445648330404226,-0.2015782741241371,0.7142358895863344,0.5818823841178745,-0.7193305626259927,1.0795624548206464,-0.017096849108057068,-0.8140804523616265,-0.32119685699239675,0.8388279244734558,-0.9535345913321145,0.21341376372473186,-0.5208995960978972,0.07337635472171601,0.47836869991041325,0.3782028382264172,-0.4845510953832488,1.4250374961912147,-0.1357643090156284,-0.9327000849179304,-0.5174902593114088,-0.23622892472271406,0.4631458180526859,1.288009301415387,0.18926658008830474,-0.4441018734908264,-0.3344242406268683,0.572234723233875,0.7579378600327199,-1.0215933000402688,0.13089010843822318,-0.7428639376261859,-0.8755423354336596,-0.9685979784854973,-0.37139797745364683,-0.1870749731571618,0.6610244497532592,-0.1547967185437751,-0.641350800551321,0.7911071007999639,1.262902405220697,0.6281869191918954,-0.24194792461781178,-0.23008570782698035,-1.043105654507228,-0.7749014461809601,-0.7774917782654471,-0.1806173376407212,-0.042464573415321595,0.8507910407290178,0.2229017269308337,0.07608486800652531,0.4566772833415362,-0.3105210542144889,-0.27558346142056056,-0.4131086860259246,-0.6272624426676787,0.062510299219195,-0.3095177421265898,0.07970443930191627,0.6857369442552076,0.7990492100679192,0.416718481501076,-0.1803959439823973,1.1724107228664296,-0.13346160417780453,-0.145102393401735,0.2415232510961327,0.4211740889412819,0.7844886979308451,0.42140585011601295,-0.24446777498725383,0.6286487683950075,-0.04560592267083915,-0.7412480525960589,-0.9459189494764414,0.7186673527869017,-0.38375499218610803,1.0334068651028905,-0.2647930605306666,0.31149799068597644,-0.19305122422288015,0.5248035728497817,-0.6620345947738051,0.2479733065931072,-0.1379128214020849,1.06480708527572,0.4394341201592728,0.11678551107626561,0.5430285570083168,0.5002149445809224,0.6084885750434438,-0.08884182063514828,0.12257930454115458,0.3881309943725714,0.15767795849464655,-0.11574918049854159,0.7121890778245724,-0.762775136863066,-0.165402728888904,-0.14263374987491162,0.43526559092632483,-0.38978385418161343,0.4639594969742281,0.5485906247971486,-0.11006365441597347,-0.740651467504328,0.08536207127770777,-0.16673214110875592,-0.6229431181087912,1.0450273972286708,0.5890257937295591,0.43551684155094583,0.4127243535942863,-0.3720036799047875,0.3783906917140717,-0.7080935912616446,0.9137941207745355,0.6332925062184421,-0.08220197486962029,-0.7054549453653511,0.07902094010113002,0.7293665458263793,0.41472243262680986,0.08253348735386247,-0.41277610522556996,0.6927177454934116,-0.4302926577521002,-0.3439115520035996,0.5628631756180181,-0.1625980485718392,0.44636820211608236,-0.12514243046288218,0.00077507058429253,0.38474297316482553,-0.7280007312450293,-0.9566688784684806,-0.14755164382228955,1.0097146976461855,0.5904980400119288,0.18316911337590489,-0.061527792028208864,0.5691926853673169,-1.0709096923185366,0.9405710851643969,0.2735747593308287,-0.12847251417163108,0.5457928657053944,0.29954119952859687,1.145160316444884,0.19423867353193391,-0.027979061403238626,-0.3072797314884224,-0.3036235499736532,0.9690077576107281,-0.7473517630550292,0.2856720411126204,-0.4384727230235858
19,0.6336026211914276,0.17677781036659515,-0.31885749865169305,-0.307865199982461,0.28980652169633303,0.46069466988074326,-0.4536407991929733,0.15112936078638814,-0.4505724738030064,-0.8040992130286613,1.1565292375058884,-0.6914700812685285,-0.7287515757556227,1.198259606842815,0.7551214467997643,-0.21024623599289882,0.06427649769661203,-0.33835219125170224,1.3343625370516607,-0.4937882821897253,0.262600736958724,-0.38633266908638997,-0.5713517687322804,-0.29312779889917195,0.328830017560089,-0.6596248129891609,-0.42824155484209625,-0.03255143956816636,1.063617115082254,0.3336016533382157,0.1820685651173266,0.2482625942002945,-0.7407795482910701,0.43468495314516004,0.37758672895794976,0.876287210751718,0.46597909549772004,-0.794979800013357,-0.019367844037185895,0.3938108888819299,-0.08999962682204571,0.32701756457215303,-0.4734749709794388,0.25661406098115247,-0.7769350361613835,-0.2021215300299655,0.28769200444800597,-0.06068350485350498,0.3747674175802789,-0.6263925832654775,0.1528534880462514,-0.4486756020793361,0.27677380362775184,0.36153821954594423,0.25538778428879283,0.562156428673037,0.045216614768633985,0.8246842285877922,-1.2545068728759574,0.28952585694251537,0.22192431366712811,0.189155631438151,-0.27809677222306006,-0.31739069669830944,-0.2547116064390138,-0.36918030978235544,-0.19815372039387816,0.6110393679526254,0.2547055224492605,0.5168151045275973,-0.570961458982359,0.34948930712670545,-0.9943563381169562,0.7162214847273485,1.138076600060135,0.22939920032181946,-1.07283146583984,0.22735895499455921,0.10615013536886818,-0.9863113972980422,0.4052922190962218,-0.17334513367892276,0.1628422002126745,0.03522700320651208,-0.7938741918659146,0.021309197162245424,-0.3115984783932684,-0.32969195699596593,0.6915585585950786,0.39174332705040715,0.6727365058280672,-0.41331451883691406,0.8575500945483467,1.1101786883180544,-0.5473007996257324,-0.5125512859455315,-0.37266064594665915,-0.15435420804529215,-0.16912068976358913,0.9589727111394482,-0.06479651633067389,-0.06521385212587659,-0.8989697528429492,-0.608840540690337,0.5481418544442622,-1.2051779208112658,-0.07501038051300328,-0.7282482089231641,0.3317163126580246,0.5578303383684069,-0.40416124123266955,0.5969881097196481,-0.017163383589582783,0.7448272866406467,-0.6024637808003863,-0.6596126839562703,0.767438659599818,0.09988436212681268,0.582952532265762,-0.40752521330432906,-0.5455057192699656,-0.919601745663369,-0.9955936317553127,0.14150791461725576,-0.7337293765157534,0.5862274799231173,-0.006246995279125265,1.4291800094210731,0.28871944209198025,0.22274981843962305,0.1475372873712763,0.7919355796120147,0.08527625205890949,0.3601221282032417,1.0075955924126152,1.0105170034903264,-0.4410961042173882,0.7162799746319171,0.7118156969428895,0.8926776269317542,-0.44325117526901386,0.04253505522230926,-0.9742347878576235,-0.11663224450265389,-0.3738263893779963,0.45796791817341537,0.04563009933283118,0.45057285763082433,0.5368822703545554,0.22553550154641022,0.5078965154537605,-0.5952880898872625,-0.6427277177035717,0.10166174538842161,-0.7251598320788991,-0.34174472503089576,0.8966031171362654,-0.8113637657916354,-0.27679950402618686,0.16601822804321686,-0.6124414780693316,1.6663017628266388,0.681740231206469,-1.2707054029204317,0.20364425832357705,0.4755648180859428,-0.7250438180919111,-0.2914978513481103,-0.8625275528795522,-0.18371443229611914,0.6639215918804593,0.8630079643966012,1.4805411926123546,-0.042019805096280234,0.09768808088191712,0.19016366364354562,-0.6993197819715102,-0.6173138645890907,0.6366058504851244,0.0211707756695713,-0.5821235223934618,0.10458145457488018,0.43986032932156105,0.5323929958203032,-0.7173119217723651,0.4484548797906994,0.33323497780396866,1.2881208250707135,0.3683664874443491,-0.7591604358343772,0.9932920463263651,0.7273965009640652,-0.09153681972281916,-0.8494505105055855,-0.20656095094546817,0.006238744237426149,-0.8906039455340721,-0.46925556278713954,0.47570373905228835,1.0185866240220045
20,-0.41797245167765434,1.3122677545493429,-0.6484844230521833,1.3767117528010422,-0.2194671534072563,-0.9598520063298474,1.0780348095713876,-0.4892340962141398,0.8937265049412307,0.03689063529816792,-0.4740228896081964,1.332734918763533,-0.7303003761001404,-0.6065799099073556,0.14276196318516882,-0.2288543016218332,-0.5457460159524448,0.9083580686616203,-0.6522503508076484,-0.0713515302597503,0.16640509257491873,0.4050231381155624,-0.24998312039212767,-0.49310391610013155,-0.8271547511140345,0.9671612050102423,0.3418846493740163,0.5304635771862142,-0.5695135469262251,-0.9237097834278996,0.5827925707485918,0.29464128220344676,0.5319787960403789,0.5603156038656134,-1.2111603917273535,-0.15291153418336317,0.12000985043067866,0.6079280975295117,-1.9764325737545079,0.016658427660732694,-0.213781432403662,-1.444927935275284,-0.668853929947084,0.005415478730479253,0.04297437328178779,-0.43047590417575676,1.2230027095914378,-0.48931006308892794,-1.7623304747291877,-0.0684381107812042,-0.6014670242360863,0.8032362033830579,0.05052544828604873,-0.30781987262012894,0.1718459294404535,-1.3353276491374986,0.798040715511841,-0.48067525719205584,0.8647994995655418,-0.8594109396519914,-0.6797832971498028,-0.915074032785206,1.4431356675297722,0.2348541994146286,0.12830859747566908,-0.38051586333223575,-0.238048125165897,-1.392817911794591,0.15470131445444216,-1.4078438273727065,-0.6310066258864016,0.32520484232664926,0.6367805394180808,0.31890979421455473,-0.9804791644204213,-0.023421953436075622,-0.5185113346399636,0.3397342574933942,0.09845241811651392,1.0327158359293387,0.7417412348417308,-0.6902486799216629,0.0951633631222622,-0.8636419676454611,0.1345684252348192,0.2405910392943159,1.298174396204761,0.4726965836705674,0.8926424158203357,-0.33261613620557856,-1.260707499861826,0.012272250194575528,-0.7239341929389406,-1.3330850719273526,-0.21801382051350893,0.18320147959718347,1.5211956310418593,0.6282187668578783,-0.4204187936368886,-0.5286551794870971,-0.4404145369525125,0.8267809917965139,0.6543535174543381,-0.285341256039653,-0.5883987180899037,1.6084663800690324,-1.3439914632973253,0.6573396896740455,-0.5825931931578425,0.3984601791531755,0.06261570927658625,-0.9372171898176411,-1.4250362943911614,-1.606239810221579,0.5148392017484102,-0.08717966647356995,-0.48753021416999337,1.2030779496342638,0.3125798528364726,-0.6345486313599817,-0.09549195505888058,0.7687927367502613,1.1956019430244984,-0.19869587861495291,0.6916600218787007,-0.43127674853223014,-0.6878772086568673,-1.5709467927805947,-1.4848406444312836,-0.8636132501514813,0.10485816229528912,-1.1203031622063016,-1.0019257636302457,-1.0799400052158732,-1.4150178154854938,-1.4708177572079075,-0.9212649314776447,-1.1601700168855047,-1.258528061405055,-0.5341721124386184,0.9373013236806473,-0.6175010309311669,1.0426467096464165,-0.859516023320231,-0.49822693757472375,-0.9927841731722755,-0.48543228245774384,0.6954250361994968,-1.113453846595686,-0.5838485147668229,0.7868634278687541,1.0275950406603407,-0.07565792637211952,-0.7375114181358144,-0.11649529608408672,-0.8154332584934713,-0.7343889190190354,-1.0489745689604022,-0.005703020872445622,-1.104608336063078,-0.18657665873767007,-0.7707459599997323,0.12620088424677586,0.2303936379419856,0.24464834419779596,-0.058220955397817756,-0.38749821500085685,1.2691923951999207,-0.5609874373629417,1.29552453614057,0.29433179351094807,-0.2796455057769296,-1.24956345182639,-0.20928887058647241,-0.17413883259056545,-0.6049205178426892,0.4862516072526982,1.201689547084079,0.38657463695690886,0.8465051451660448,-0.5059553139283192,1.0763657830668356,-1.4322299330974346,0.03970937112722843,-0.08699262013861177,-1.089345843529712,-0.4781009479711358,0.030173449715617088,-0.31451807523226877,0.8920012478911012,-0.8971235253591334,-1.6985803668203288,0.27779772569740313,1.1365530256058707,1.5102485385765898,-0.5880257957584551,0.05218423004605308,0.5699781469489702,-0.11539813663894524,-0.8167888547421597
21,-0.38990983475316116,-0.16287355364370856,0.6845254641693748,0.9093812065237133,0.06157207982431177,-0.8499302200647917,-1.3122118546591621,0.43181736006051785,-0.34342816756663413,0.9270679031375146,0.7300010284427404,0.8277366368074112,-1.117241068929705,0.08271689194698036,0.9923593926481289,-0.16920803152791092,-0.990983114840039,0.5947513013883511,-0.3541198857667162,0.21029429279735892,-0.3483773562704886,-0.7286436731542968,0.005439354337183461,-0.21506395332260947,-0.4531456079395716,0.22741977279378786,-0.4725935142986206,-0.9074878914487666,0.03564892677281566,-1.5334649534754137,0.6558771000095657,-1.035641479222743,-0.553644881657632,0.17228499344342404,1.1318758327371783,1.8196188033575198,0.6118803273762506,0.8732358106037515,-0.9294114853931094,-0.7955661851606206,-2.0616021507048345,1.871739271868126,0.9104953223594998,-1.2434494359151758,0.22532837842752737,0.16133918741952194,-1.3857678677844596,0.6749834224498158,-1.5434726318349012,-2.1373418676188884,-0.18379380767507528,0.6845349326904682,-0.18971277136947515,1.1686936279858657,-0.9518327550809119,0.7606662204495642,1.3082379953120327,-0.07166138538844036,-0.8462696315095041,1.1890384498840083,0.054499273862652006,0.04610616012365895,0.117884137946397,-0.5056227803928383,0.5520231185159096,0.2762088841564167,-0.2792443765814834,-1.3596771345691587,0.15905021631558375,0.9945675015870759,0.12408785878219701,0.1768761122666782,-0.5180203745076957,-0.5439884303109558,1.2490893631507594,-0.896843226321535,-0.78609410564725,0.5253493926374944,0.21607054486054264,-0.8158477430728368,-0.8401138874676198,0.3539863152501726,0.40733588152327216,2.1134329427398177,-1.5986805092992693,-0.42124010649605026,-1.3156462178740966,-1.1118059823315913,1.0529062043615136,1.0865645775390405,0.30104515866052767,-0.16922600268187918,-0.34394428580013564,0.9180567769198132,-1.043677880715732,-2.5052953242085305,-1.8986420405137299,0.02251430147334819,0.18577713706741417,0.8797819680420846,1.8295747720998004,1.127828965612188,-0.6312955684906821,1.0882779314534774,1.8201543322009197,-1.8043117009751144,-0.2151002304909492,-1.0733198328986877,-0.5103765947546293,0.6524778336199952,0.3162646952274513,0.8808529372223065,0.6108189706799206,1.4700016481555591,-0.17252308606864808,-1.0094164351448316,1.2503077268700702,1.0624820483031083,-2.101822689435591,0.34618418852024774,0.3357089136174635,-1.6274163651347753,-1.9371192347481796,0.41205436120362754,-0.06398035403733413,0.6277945943838212,-0.07759144286120222,0.3138573209728595,0.7510412118821872,-1.3284960776677472,-1.1773143640149861,0.6009922569699849,0.3909596104084957,0.30791686416923547,1.7624029835717614,1.588477980572418,0.06282831675331027,0.6227678348057781,1.508221421888684,1.8723028750418156,-0.0686888389746016,0.9792966833014508,-1.153706498695169,0.9729435457029757,-0.4077925075672989,0.4614881964483497,0.5772725882911613,-1.332272258385996,-0.49442373908079473,-0.8045137740654986,0.8612453956001606,0.08683026052340963,0.5870490692406921,0.5052419645421441,0.9817798037705883,1.3317898980562644,0.8461251033514863,1.0127810009764446,-0.07719248716293363,0.7069653632641363,-0.36576420316874986,0.3919543449379254,0.4443274342984552,-1.0375599065828058,1.020432230006921,1.5174041488417607,0.22588710654485816,-1.0815998493534706,-0.4597009907430316,-0.7638599087198984,-0.5677618343032165,1.3387536696859614,1.4768272690103144,1.0747099319379834,-1.1828465659491614,0.19190705638052533,-0.9288542646527914,-1.45611864876516,-0.978559983746718,-0.86870567573843,-0.5362824207760111,-0.9317449381392092,1.6561662933208134,0.6454521249979438,0.36426685422369875,0.2559829624587883,1.3122438711316315,0.7745780656739596,-0.1653879846669704,-0.37293225036750616,-0.3424487904982882,-0.08100384803673887,0.31579714658038816,-1.073581498232111,0.28335576965430304,-0.6750564428385771,0.5288244754505997,-0.3202004645727196,3.088874432093219,0.17708309110769724
22,1.560794014547542,-1.4132712443827247,0.7223799982335569,-0.6651318667122362,0.640759985110236,-0.9571499241128498,-0.5596764034791106,0.5783177897342247,0.8069620277349366,1.0132842453864672,-1.0862780935193663,-0.6802295844256331,0.8106853385823916,-0.09934057422689223,-1.461626462193389,0.5259983995520863,-0.7444603461674867,0.05494588874542069,0.8067322502124787,0.6019841448166854,0.42269993298730696,-0.16721133336759783,0.49448274468773074,-0.14533236941434274,0.04826533777590366,-0.3114768568971866,0.2942296242092264,-0.5796591276032735,0.19416485035727377,0.607322566052441,0.8210025261061284,-1.3396677838196855,-0.2593864529457092,-0.10505639407891584,0.37514343897944674,-0.019362621004470715,-0.5783375597119869,0.8219568601907489,0.21257818167399833,0.09101677923966743,1.4885361352311837,0.10121400590807593,1.647075635443578,-0.11016351182184533,-0.24495827511654386,0.17749338698327596,-1.2256325716953784,0.9514087481291705,0.3829108348329228,-0.6709440675195145,-0.06128636356639268,0.4321846107769742,-0.8089806943139417,0.11281042103436038,-1.3057232273717527,0.31730173595866107,-0.0712884947585296,-0.7701569462555595,0.7122227817463066,0.7316778400924123,-0.44145273161700505,-0.2147759357766419,-0.8666465563083305,0.9060118663666187,1.4294888957031007,0.8653120569344585,0.6205254931712738,-0.8077931215312203,-0.9739379242451464,1.1446419279598536,0.6541377707110304,-0.683670618684199,1.0573648158112605,-0.2656069977389134,-0.30887099170873694,0.01905535110371837,0.3300584420996851,0.49836058015055,0.010297529499850334,-0.19522678947767969,-0.964371433038497,1.2706837280962526,0.9937834699143815,-0.3215663577768963,-0.29476893780419644,-0.2088378251960232,-0.5612752839162956,-1.5054828328311458,-1.980410244185666,0.7071138190509004,0.02987367079182453,0.9492519036088657,0.26303617997965434,-0.07088368303012435,-0.18982796309083064,0.008870619246671827,0.2019726201774733,-0.8795550658306925,-0.6958182413355025,0.08974891910105764,-0.5110589792819925,-0.2518812565416755,0.47329550031680023,1.5078357044757589,0.057729027677445144,-0.07222796659629742,0.4261323241867011,0.7359367495724733,0.49385112408314746,0.02012312694043361,0.6770488522623986,1.2075051188782586,0.5382302802754987,-0.5004260317583596,1.6676795066616203,1.2273978465573048,-0.5992465250373452,-0.8617649156674614,-0.4556041519500432,1.0566962023923208,1.1864480784856566,-0.42629718367435315,-0.5240934771232428,0.41780509608420713,1.4100332998935665,-0.5050625261492013,0.29701753583144685,-0.29743592405846475,1.4650403507107348,1.2475432057658198,-0.9495156933807242,0.1818735112635874,0.001708177322647023,0.14972931177405882,-0.2807863225472563,-0.5900613609788364,0.8631993965955677,-0.3742612896761691,-0.21343004453829034,-0.5550397037189124,-0.851209517120463,-0.6395649138767634,-0.3928563314460294,-0.3460963564676424,0.13944717105365448,-0.04199045406127045,0.28916045178150224,-0.3728883327035989,0.04402084241383322,0.10923752282976526,-0.413189808790641,0.7334055587792543,0.8929687301232112,0.3611022509110904,0.7873142740901848,0.5174040797640022,-0.3775207670351674,1.0559694338130987,-0.7045362466983125,1.56071626964951,0.6261690278863206,-0.5283278374075441,-0.6115994435983128,0.14831288180695448,-0.14404631990598923,-1.282415287903865,-0.6449514742440005,-0.5902994626903296,0.5990164544402066,-0.7727493940059833,-1.4200277498461324,0.3360016471802642,0.028331634235666762,0.6087690239843179,-0.6438316025726883,-0.1861270515382771,0.24293250610207384,-0.5010671965752804,-0.6843030284475591,-0.8748141210425121,1.0022125131263866,0.13905938812309077,0.38443802639614505,-0.8590633528410639,0.9383492627578384,-1.2911958602113007,0.9767968006121978,0.39758230001276934,0.40296622185916586,0.19425169323488106,0.6224327841842328,0.1632652239566248,-0.26614089315586803,-0.04593005266261645,-0.6103109818526427,-0.7043894483059544,1.587155903063037,-0.6751790098946647,0.0338355876777676,-0.6842393113471702
23,-0.37032857748792164,-1.2453630721714113,0.5837924085374111,-0.4325186460497768,0.25652796292782604,0.2393193683930755,-0.35940942565951967,-0.09743373661461255,0.9522741897186748,0.46523271241187114,-0.6162674178262101,0.0293172648085038,-0.28732984187526106,-0.048311410776877416,-0.05450385929148305,0.9901396153427379,-0.32556072321616353,0.03241975641097224,-0.10823627035806714,0.7499852005682427,0.17981638470198186,0.5436619883583621,0.7125690165471099,0.6494115246600451,-0.8050629155974004,0.22142865992124874,1.1888384054964396,-1.0860552635636707,0.11286962048259566,0.10920493621369524,-0.6647257685328287,-0.4998223128048754,0.9712324042247532,-1.2317501697239646,0.8277760544170639,-0.12321009216248932,-0.9719553000774149,-0.2658123321939686,0.5584398342694746,0.15213049202215934,-0.6592768614399751,0.8270179704858824,1.1393934448705891,-0.7016538257629572,-0.0994967314153058,0.20036768708910785,-0.84013047356046,0.04760903368120634,0.06289911013534036,0.7149759384720896,-0.1701558825045216,-0.5020463273319323,-0.13189377617669967,-0.12313606574989223,-0.446202565901197,0.6240225035411777,-0.21819774888912075,-0.9211931967060869,0.7085093399039186,-0.5882977197643843,0.37857820130796294,-0.026081661720985964,-0.35766938532021825,0.7843686077822611,0.4910433620354214,-0.0355481724674942,0.8948562397500828,0.13816255837281302,-0.4795317039765283,0.612776447988012,1.1311443065400015,-0.15083631230751265,1.4126807584700847,-0.8844990478319367,-0.5006612291061213,-0.06790172735624253,0.6955787757213934,0.07492648305988146,-0.10114277580560646,0.6820401460276231,-0.6724307996747324,0.7177237650280115,-0.562565044854188,-0.3263696872724251,0.20163662519316994,-0.31308291761192303,-0.314689824691795,-0.1424099288276319,-1.2594822671860937,-0.07678888467666925,-0.03863349699759479,-1.0374981433348356,-0.8844239706793267,-0.23256442565274824,0.7377425282372124,0.008658774556930142,-0.13794447115432562,0.9010072097884038,-0.13213989245781074,0.009252123522806644,0.48232783257581213,0.3151769835556714,-0.28082662250102697,1.3407279991601235,0.1542739112351573,-0.4024857690571073,0.2924487758548749,0.5065136811485734,0.045882956083946005,-1.078456014607883,0.9226354879403382,0.568010650054258,0.6218519746613201,0.11051890004826036,0.9125688194030074,0.8636930095333273,0.16885293871420567,-0.66104295304882,-1.2309570498576972,1.0723222612109158,0.8049657929655775,0.4081158412976128,-0.8572472303384499,1.2484158698640355,0.7047100193622485,0.14016371185450027,-0.42586707247785777,0.6612354158099322,0.38986567878439815,0.27435239220755653,-0.4193391730059605,-0.043091076799708576,-0.3750684784253488,-0.01590663676335634,0.4103462767917163,0.24980415236513764,0.9241443946726438,0.41015599438752576,-0.0847712536628337,0.5315954995819034,0.005582221483576866,-0.10700785256164003,-0.033733470443149866,1.0765327161635074,1.1652687145595158,0.12437062166327768,1.2516755479998671,-0.9321573739074098,0.20356449435660043,0.693043149031997,0.017830306364055692,0.548019981510562,0.6004753711120603,1.1347809972450333,1.0520535700547433,0.8369367241339163,0.3163918478298252,0.7034746469247232,0.26147608116329407,-0.10179464140374284,1.0504169005453166,-0.4209361978632725,0.10367858478844312,0.10120095827662612,-0.7611473279817526,-0.2390898716408192,0.7277430152746734,-0.5603132965976718,0.16984685868050825,-1.781988668901409,-0.8423237386629209,0.3518141477473402,0.31136585674740486,-0.641115356782392,8.673377496083484e-05,0.1303096306974138,0.2717863065988862,-0.0683530898583332,-0.8369199743218256,-0.804238653278096,0.9322718674942367,-0.9841932871361146,0.7409625244682607,-0.7513837513603753,1.3136977313403193,-0.017812624384872567,0.9153977495385761,-0.37014028227155843,-0.5198591041223048,0.40574774213367487,-0.6206193190851572,0.23316641237456867,-0.469812652580054,0.2955396019068052,-0.5884028939902491,0.04280108439032817,0.25562826915110776,0.07242690719231341,0.23068274240277215,-0.7330638658241238
24,-0.14630143527349943,0.866506455390102,-0.24368019810565106,0.5131911347984915,-0.34529242508831154,-0.3956985254262254,0.26913930251645796,-0.8334895902975514,-0.18947356171353652,-0.5971812148483023,0.5553431848410855,1.072500034324449,-0.632738894927768,-0.7432333107380035,0.6048391666214372,0.021943468696275944,-0.8695537241760968,0.13127801250821822,0.014859296527671685,-0.30637480128404226,0.19387896184791223,0.35271500078109563,0.08073708679305008,-0.906642699059678,-0.43912868843126046,0.5700914526242872,-0.19242293064138638,0.9055406124677498,0.25865316218904194,-0.729570370621998,0.2716273470776409,0.6246720872911713,-0.319366289037037,0.8844823238547036,-0.42919852312184553,-0.6731479004831951,0.8894511334632418,0.2121919350673591,-0.882766756832787,-0.05381167200026272,-0.13848798509587523,-0.8144212034688675,-0.49803465514195033,0.07857324734818291,0.07833268774729553,-0.7130483010696286,0.548477422879959,-0.5985146654741077,-0.5145050571658324,0.2983464808078523,0.14847346411698634,1.0610136482544001,0.5023964854306818,-0.4242010988193318,0.5023388053282594,-1.0208720622457534,0.34131221003340556,0.1273828792681165,0.33601256457993256,-0.5818321628483465,-0.15882729584162844,-0.029909085590055357,0.9664687660068629,-0.09758866537920752,-0.276367860822582,-1.0490752363524534,-0.753388139807546,-0.5933646429520877,1.1670602035863407,-0.6533386430165209,-0.808532419406265,0.9707529121930917,-0.06966727846687676,0.04469490229253606,-0.34172097458884515,0.7749372087811646,-0.17382095137994905,0.07991210571647767,-0.04593246475020645,-0.138826058720464,0.37911624680075384,-0.83259170689733,0.527602334364013,-0.4333092455209951,0.3105631035268404,-0.133067628784878,1.0464073223314987,0.2641940395280379,0.6135960249176683,0.11864767468825763,-0.5388275332224479,0.36445643458671795,-0.005865301283898307,-0.8161822477996854,-0.5596427854293676,0.3426831872510569,0.605223866408999,0.17162697381489692,0.22113642251567475,-0.28583725944197413,0.33060438998571223,0.6771924046441002,0.7347626818836078,-0.6912503596679986,-0.9365826932361992,1.163446838689872,-0.20058461949746462,0.20648313608991972,-0.26712155184042385,0.2316951486471402,-0.8138989326077744,-0.5457248167016143,-0.8931541543067901,-1.181653066904482,0.11893995969927477,-0.13507678666580855,-0.30312625598252646,1.0693913756801945,0.1572901436607645,-0.20465115285180857,-0.015214545966187756,0.5461502785477992,0.8350655415086098,-0.6272309862764303,-0.1779862707725608,0.05181278418239783,-0.24592501530258642,-0.6838155807778808,-0.9735418549183648,0.015286376545115754,-0.008062118439375468,-0.5398242182914341,-0.19060098004605988,-0.7146374673273072,-0.5023114079896188,-0.2791269303733502,-0.7829748438398153,-1.0019190190297256,0.0060313076714999005,0.01978922084578517,0.986113715550415,-0.1495378335329562,0.5261510772505849,0.4305445391539774,-0.41919549430313424,-1.147293338881396,-0.29295120630223687,-0.0615594972786776,-0.32059080496130393,-0.07998070769535875,0.28424622713184355,0.8121862262899501,-0.9310097543999096,-0.9016498909470008,-0.33038869240678376,-0.6082429973367695,-0.49494158717536557,0.013226634701125478,0.2752482374825413,-0.04496028728228527,0.31539640574344097,-0.4678355011220912,0.8362132458332119,0.049466793029692084,0.3738830133664293,-0.34308717529546673,0.14255192620748425,1.2756877681943133,-0.5972052052414768,0.7904737206040483,0.5036889227916618,-0.5560161047736262,-0.6172533581850563,-0.2101259568685096,-0.22433053069653655,-0.16853716594790624,0.6614563849507721,0.42491929223506797,0.7028298747047428,0.1766141697945362,-0.6802838836943762,0.17298832562674157,-0.6740539548416387,0.5626082173745716,-0.16555887078052667,0.1806613638638294,-0.8025610505918321,-0.14599898074360335,0.13272804414020922,-0.35678936461899885,-0.5742639765129567,-0.8657425541857658,0.6882776309461265,0.41891248428841577,1.0363485309913913,-0.0810082781171793,-0.15503438469150949,0.28114052083317304,-0.431736999087046,-0.4069975177701201
25,0.03178035657690164,0.4290832996342613,0.2665150145816534,0.6074924827096772,-0.5333046144034391,-0.25642122968759373,0.4956520330400342,0.4953329415937324,-0.47601695893691504,0.34316451729232045,0.06643866515372714,0.45219077756502074,0.18452327863981652,0.2668891486937277,0.5309009154503403,-0.22834180434187634,-0.4208881211047711,-0.7989124379786395,-0.13349590208228854,0.19861862553904414,0.4508538155253267,-0.7575439438895883,-1.0787852697714593,-0.002777485440802136,0.7489463836551234,-0.5636528233864184,-0.9067896122896277,0.6230758850073784,-0.5564680271629587,-0.12144117728712249,0.1906850135582407,0.5041451313540661,-0.8575905373324916,0.2439033111330824,0.670054814989828,0.5795079600243916,0.3290302956327414,-0.1738195090589442,0.22424369776395686,-0.46318969431866086,0.18328768117420952,0.06007863311543787,-0.8635029398045198,-0.047670198844516544,0.7635440072482237,1.03385967567933,0.35362930794318864,0.6371978875251773,0.3869351384193375,-0.13763870372463996,0.6666540280074972,0.052012413135357295,-0.6711310329597759,0.5167136393776105,0.382936214359777,-0.6535842188768756,0.6253970147904968,0.7152063777586996,-1.3011380419085008,0.9709433180354468,-0.5625126393430911,-0.06501773333763455,0.2869035823161013,-1.2095518524775295,-0.32122518855394505,-0.4764909445388582,-1.1619697279133516,0.3078534473720015,0.32865753424954375,0.16993706879149023,-0.12150566975767353,-0.2516082980653556,-0.7584976224804691,-0.276662775192704,0.07803933029596913,-0.27336759181969295,-0.47250585863497363,-0.7214968766307162,0.11164045170558816,-0.6117707470267022,-0.14602087912177864,-0.7646259405619573,0.7172950618001586,0.6685997322435989,-0.8280003133269193,-0.733477296230088,-1.28969812073677,-0.6444685834142211,0.8298997434017239,-0.17994675612171976,0.7903001536304916,0.16818387852097472,1.3438350495591922,0.9138536039850977,-0.03037702033460609,-0.08644531149482095,-0.9639696075719174,-0.46337537972987136,0.06161649097183872,0.744490249624597,0.8069775216240772,-0.2104164883645778,-0.13623204468469002,-0.8987568468438895,0.4855048831026979,-0.9438080159719138,0.4070298657882393,-1.0388306685174313,-0.8642629300881618,-0.2778005049746143,-1.001127129501372,0.1416019429737618,-0.36266191832745276,0.5170450250416244,-0.9162179065722604,-0.2761528235857904,-0.6195802834731254,-0.017172675258695563,-0.006592285321441315,-0.7300392104543365,-0.36744619036828385,-0.6961248584628064,0.5202301742908942,-0.8242634844344325,-1.1117042524013339,-0.542238544372351,-0.36576232065240744,0.1910451395755389,0.47837980269779823,-0.16195770408365806,0.614621690728114,1.028647082064137,0.5827963267380808,0.8387389984011135,0.41917264687014805,0.28250012738805924,0.3974677573430727,0.509935061630701,1.0996300083039554,0.5817787813640306,-0.46156715865379055,0.41655606191789246,-0.048961400368446276,0.28654733714282077,-1.036375752437762,-0.20141950044610493,0.029403084584961915,0.6370930662281098,-0.8188904311111606,-0.5161392397652885,-0.10833894655361942,-0.7917711179828999,-0.0762665408410425,-0.20015125067438688,-0.5085433872612355,0.4302063259868396,0.6596945132667765,-0.25963401009595344,-0.43743936471101635,-0.236291459234784,-0.4985302223443376,0.5059027351101937,-0.4035711828698359,-0.20745808255418044,0.7703499719726609,1.0728837265707862,0.18893162806288988,0.06948873150378519,-0.10521323591998288,0.3644276477432981,0.6219024489315332,0.7401514387581851,0.7010683013223032,1.1715440828792991,-0.5040514826795702,0.0654785320257771,-0.10556526157452929,-0.13744127076178006,0.5529649713371824,0.21122212850928196,-0.5829216217691725,0.542115141821231,-0.4916989513639428,1.1748577334520036,-1.229046044803759,0.3991469241370267,0.1721135517799667,0.062359346226687436,0.3116580625703059,-0.8804534828742168,-0.0641324041221386,0.6312718203077237,0.22112134113100373,-1.0774519878379052,-0.6281436260826717,0.4508706907895263,0.19224125595445324,-0.786867850601087,0.27173152927705657,0.5353389707666355
26,-0.46401368249825214,0.04016163118461603,-0.05901139132430276,-0.5456469583151323,1.5977105887566985,0.5782019109841934,-1.4368615931286284,0.28762398338022555,1.1009606864680872,-0.05658724807680639,0.3743724507140952,-0.7468133197658036,0.48874316411616586,0.6289512963921478,0.02697601772414364,-0.08788717143588494,1.1501800351045892,0.3355622169243716,-0.417819312186042,-0.3960563781158689,-0.22430145171301438,0.7324293921373978,0.035733599718643934,0.4220431664537617,-0.3566748382957402,-0.48759973665050993,0.661346522777335,-1.2556432935474402,0.9998869473485622,0.9809698215019355,-0.35823111725927836,-0.2701896609237887,1.4090785916613007,-0.7773782467845535,0.2331023072532097,-0.09462482688780247,-1.063569548100279,0.4560430348754448,0.2185410921454478,-0.6105273058294728,-0.5949820795801356,-0.45173303343131366,1.0348570690106258,0.6661583685638667,-0.1362449889993446,-1.4323895464105336,-0.2171696324398311,-0.354615628446829,-0.37335050168263334,-0.6488620565626317,-0.23628734354802333,-0.10423522941237845,0.7034720649692987,-0.5529692315034775,0.4328331890381268,0.9887650683704835,-1.2460355129369542,0.036187813632021136,0.3710768094961708,-0.2547028107214479,1.1200908854833886,0.03858526021796541,-0.9000313133701215,1.0503323889713365,0.17476808946238612,1.5048944775363406,1.2839862048880506,0.1983260325500011,0.059721209977491564,-0.7154641771150926,0.43514465304363764,-0.27691753503079575,-0.0188878491155342,0.3751804339871821,0.01552644230709244,-0.10099235032320947,-0.3908493976749645,0.9377424844084847,0.7355363733123658,0.5313865769084654,-0.04928046303059719,0.5574000756330774,-0.8205960059087775,-0.4016476823222232,-0.35259601798648554,1.1429831419683651,0.6873385652514704,1.0151752544399189,-0.525529957889366,0.7670110626949352,-0.8193608790912489,-0.032063408477793674,-1.0583091272400307,-1.2062386806612921,-0.1944196159547063,-0.6244747178932417,0.20048277982029875,0.1471223952361816,0.4135018914014308,-0.09567290387544851,0.02909556873025146,0.5110361854743846,-0.025221798347515246,1.6599579453453035,-0.1765303339939539,0.4785609615518461,-0.4245260459457609,0.3584714031802657,0.9297295943164414,-0.011414031172682039,1.1102416429511022,0.8327947934694013,0.9695878726408842,-0.8891431652479594,0.4502037431495212,-0.22561529742313155,1.7260612321110607,-0.07017019917684364,-0.5600456463791256,0.7920611847738469,0.6777115251920839,-0.7561610342066902,-0.43545093435775456,1.0603015617928533,0.9616016978879737,1.0760425090259016,1.190242329686241,-0.393024182797913,0.1436966290728132,-0.4722025170803653,-1.0866311807688158,-0.7159114893432192,0.20182706160688646,-0.9620543677773182,-0.25919977948792633,-0.3977159082171167,-0.12651596863119688,-0.2259231960123173,-0.2885763129312203,-0.03538708980216255,-0.8857046973881509,-0.9270592350212588,-1.3553210739737451,-0.34524022869754717,1.4112727742574407,1.4185492274487546,0.46814731227215667,-0.3269738372857901,0.9898182560858265,1.3029441112892137,-0.0485403013409402,-0.7039253815818862,0.2349665179549982,1.0991901659945782,-0.7617043590207327,-0.49955859330154806,-0.10279151387669794,-0.029082613540996814,0.6229697414049511,-0.7129086349200313,-0.3194653363531866,0.43933755560066123,0.3290271716932259,-0.0063844283705335935,-1.0227436482711647,-0.5878173574005556,-0.733566762399301,-1.1027150507624692,0.44300740107446757,-0.32136597901654373,-0.45617672628936956,0.6695958328963708,0.2421264447790084,-1.2192251409821202,0.9023345511459906,0.6693647180957129,-0.1617137821110626,0.18889968212824887,-0.902739177612866,-0.5218326198839401,1.0489784607283963,0.045897165167298956,0.5318117949893071,-1.0026678256342838,1.199056515500091,-0.7062463290236314,-0.15834141216638967,0.4572892141402119,-0.43318247178248453,0.5608968975425441,1.4907506101175987,0.37569759428693145,-1.1673135348504535,0.4662843296263055,0.2696870239126356,-0.5072857124539691,0.04471563449122573,1.5327486778347374,0.5991370299831603,-0.5517502329221811
27,0.8377449612193495,-0.12345370539424753,0.8937803886698353,-0.4832880103673638,-0.34617304716737457,-0.35116042831413813,0.24838267051047802,0.014694137504018037,-0.15818855940626697,0.081662262084902,-0.15218725174144782,0.6686617234320621,0.011799813469061256,0.032629600394663054,-0.1260785957657652,0.5112298346462596,-0.7623617421593952,0.00016644346115399393,0.29375588339314185,0.10939160373404443,0.6150296927921869,-0.645255632205732,-0.19518546576512924,-0.5775050276400178,1.1074446699316687,-0.024240770251825486,-0.49377421251571096,0.3768847413028975,-0.28376067729484855,-0.27021868506581687,-0.2805506995180992,0.07908941105038572,-0.626460306280249,0.22940316746391515,0.4636405162885056,0.16794830980777983,0.1886445505831582,-0.7238322595297445,0.7556945657945856,-0.02167249622093448,-0.026249630481634,0.912351408506894,-0.11257570272587897,0.17152307579776813,-0.06167732120895953,0.7846476016035041,-0.3465502656145019,0.47700891104110027,0.4552960407896944,0.6082385402417382,0.18144649965753273,-0.5000596400233569,-0.4434633250604682,0.22678501668546347,0.4489499584452602,0.2618894007937717,-0.27257250991370635,-0.6468965010500615,-0.5565963322128227,0.25034271613666775,-0.44673513419712074,0.18588926697901617,0.1356016129063577,-0.5492452058245859,-0.18100882643760804,-0.48060026220091173,-0.8429799101657339,0.22716987761033477,0.13343877291036338,0.6399985217269099,-0.253127027483655,0.15193957675249595,-0.24296880011630412,0.5320641379378113,0.6048854273539799,0.704067934489535,-0.21795145710954172,0.23122226826750325,0.04163450263110623,-0.3545475971512254,0.5588652116789236,0.13104066977965637,0.2907270771063523,-0.3874009043144082,-0.09598532841479458,-0.1012948760738586,-0.7978144924854392,-0.5688114293676512,-0.4089732322257955,-0.15474879912681894,0.5400652789686206,-0.01285539853924997,0.6009596361708359,0.6939691973825403,0.11975693069088142,0.5297738479489593,-0.6832977113352044,-0.43329805912768354,0.40347274498178815,0.4511485346454235,-0.16999308376416428,-0.31330167400931547,0.23350725210906756,-0.38062575200185117,0.19716721694732348,-0.34251273780361197,0.06035320394646635,-0.5834056763981599,-0.3031302300362433,0.31910324272199464,-0.26557469517539833,0.12764120436432377,0.04735118985059708,0.7293497751082619,0.14398942731238112,-0.26633935500179007,-0.49444262088390484,0.13324413262943782,0.4112081972628286,-0.5019269257280706,0.4570344291693483,0.3952157486255107,0.03744435841528183,-0.5027126889850232,-0.46458699325703756,-0.40039924841029134,-0.1246237308075365,0.28162766999037236,0.16226001378663532,0.8361455097813095,0.5466010302303286,0.5427348052079883,-0.43624885968393434,0.32433170265939537,0.3217404266328141,0.12215423438190119,0.11796070497790478,-0.179759582248733,0.4894488124217913,0.25740561043786225,-0.2591881431653265,0.8620310175319018,0.2084268875426912,-0.12453710102773478,-0.6929211221844298,-0.4561767987685744,-0.3419045360536558,0.5818342267243458,-0.31846402298628756,-0.9431687952306081,0.13761462000464622,-0.07207608448155325,0.20142191586438724,0.05196215694486497,0.5472281094444661,0.32472638120663916,0.8808940190314548,0.2859754731788667,-0.47293356857252933,0.927358339986439,0.09056029164967477,0.08328213518074071,-0.2483911392959895,-0.010220520440172999,0.5532662914531291,0.41646519476668453,0.02149365788306024,0.5166713808579405,-0.3174001531063698,-0.13717773662937083,-0.6201104355405508,-0.33495950019379456,0.2943295305170775,0.9441622654707299,-0.3430725263482522,-0.21151009046940591,0.3020427474222875,-0.5571040481893701,0.49903505871506426,-0.7102033819365209,-0.24381256169688212,-0.4768362043084548,0.1279762456176731,0.45182106781138764,0.11713861822660535,0.45039359127001144,0.6902823621407921,-0.2881994413193454,0.6483169820174421,-0.17261149308197424,-0.4688786248941442,0.18898588105728018,1.1565624208007839,-0.7043776215723917,-0.2947089476422544,0.7217819222746862,-0.11956496748434833,-0.7701506746679252,-0.2334626588482171,0.3346388154812466
28,-0.8832220557943173,-0.21590413265537506,-1.0098204838726115,0.060655737737651906,0.6355055106046401,1.097038922687119,-0.3788572800165733,0.3077120606189513,1.157504961863998,-0.02374781066037863,0.05241039269813625,-0.6457171067348151,-0.6311756630771165,0.3979402642598756,0.23583540028048422,-1.5949992510676423,1.1358327243170687,-1.226682110528332,0.7816309020168417,-0.07721001265868994,-2.378367430619825,2.495570918974537,0.024252653907512266,2.734345298767518,-1.3896783765614327,0.18190675390951438,2.2707732583371047,-2.23291104673513,0.20919096359268247,2.3290656002096752,-2.4318799727076743,2.683159684361738,2.131021976905462,-0.04078852966066492,-0.44509471757522323,-1.7295849761236086,-0.27180160091961125,1.1018055208689752,-0.3284606509447819,1.2703442560742724,-1.7524882173650875,-1.0565675017393503,1.100985926815808,0.5354965638056549,-0.0032374789757703814,-0.3696897298219864,0.8796082373868446,-1.0394397092510668,-0.24673930727511467,0.14926376810415384,0.3737863910764081,-0.11658389208422563,1.0292355783371927,-1.7044655880317017,-1.0855519266214304,0.9940800083796983,0.1804732697316534,0.011280240542649894,1.2791716922914627,-1.4136876249790686,3.4576542775977765,-1.0930838190568373,-1.4057161724733778,0.8737090757814743,-0.6819101400738159,0.8848845206865571,1.8643920047486673,0.5246800367445076,-1.1367145570202064,-2.2027958621413326,2.3160734416237143,-0.7446482317717801,1.4582691343145362,-0.5606285847624706,-0.011977325055473172,-1.2249604962489706,2.0176024475175254,-0.8640608387717644,-0.5151378394641501,-0.5621446372885054,-1.118018410385249,-0.4619658023148947,-1.087171538768272,1.9081990320892166,1.2430257578168187,0.6351871535069872,0.07550129093551841,2.5028508814541848,-1.3595735562852274,1.6432955463943257,-1.0434209801368466,-1.5853413607182492,-1.3964418196320756,-1.5750000719008674,1.0893577792213949,-0.22614680964627462,-1.140202681825669,0.3688757502822983,-2.7497383026662914,-0.7868292292450556,-0.33682200573501986,1.0369427966226925,-2.1830808447980825,1.7200113910797987,-1.4365427888062279,0.23020312750833513,-0.01900144451098396,1.2362635070394665,-0.042481976397881795,-0.2019410611573171,0.6399069718702162,0.45187826273624915,0.4393254885092212,-0.31413036357471397,0.1937370550260544,0.2951890788335522,1.2807279906395628,-0.05154371118244842,-1.1032620294390476,1.0986034729910577,-0.08764016672007353,1.5314942260247264,0.5918318525518871,1.5997632287847114,0.3492444791916957,0.653898548478365,-1.4498999095862914,1.5365145749587439,0.9632849099584211,-1.019410076461323,0.088276469831591,-2.760113239397636,0.2677233377741744,-1.4489412167239926,-0.7643867750324147,-0.06840517585655093,1.5964668248460094,0.8032923797645833,0.5324861362956932,0.6827456695943102,-0.826014898895777,-1.609335476372148,-1.0669170730877076,1.5922959597021065,2.02587335762303,0.6042391046029467,1.5560987213831212,-2.6604296765255353,-0.3476748062517883,0.6027679851449248,-2.0233553691780584,-0.5134575362398262,-0.9824198256986243,1.1608720786845983,-0.1822027905507307,0.09949546218193007,-0.18236135385020005,-0.49341926631869465,1.7397246997745675,-1.1465031844704894,1.7518045052022684,-0.0844141627875238,-0.22056437588024078,0.766003066094275,-0.21848757373492797,-0.06126725946508032,0.7514671195606379,-1.0588749483992583,1.1862346345993804,0.12655502715164038,0.4841752050110564,0.3308024523877048,0.42584980896147195,-2.0117782784017852,1.6803902220135416,1.4829267620369366,-1.7775622121782912,-1.1955535059606395,-1.8017265640509708,2.105481696035076,1.5140349859572164,0.3317489716174788,1.767735034053457,-0.31818237276469563,1.0079091981203012,0.9899215433182356,-0.11060004259604606,-0.6349763065780051,-1.7907711383068061,-0.16428091577648804,0.9519606490912801,1.8076836172784254,-2.3735535553076703,-0.9140716264785727,-0.478016510172976,1.0941286628959135,0.5954975178018272,1.7460772340969155,1.3718787263935883,-0.1612597613329529
29,0.7684354391654049,-0.4533919397448716,-1.1661209600541687,-0.5155541489258284,0.37356158289416275,-0.007887522284852129,-0.8280022045599694,-1.0907613628586168,-1.1737837371339115,-1.0148582056156343,1.260773466734709,-0.12960791935906193,-1.064276907286966,0.1609195953426854,1.01535295345186,1.3815866545818247,0.49326620157009826,0.477701806604334,1.1561229638272266,-0.8276698037412354,0.6728233954552233,0.17896371342111755,0.9312266329964797,-1.1267089046460412,-0.9055236430091952,0.4142879979919262,-0.1876874333526192,0.14655768321949722,1.7697467638227466,-0.14375972430848505,0.1835051526228541,-0.8120832060341701,-0.18733730525944084,0.3258487816412627,-0.8748455016736326,1.2040200896590014,0.3544598031104579,0.027351599685156977,-0.38909360433808937,0.05108593511004883,-0.40035835118861085,0.21714805140248578,0.22412073523436243,-0.27636538462445626,-1.5660393746221049,-0.8258121399102846,0.35294618596769706,-0.5404591027233443,-0.05524375158766901,-0.671911111441967,-0.11925497077943008,-0.42993412218508104,0.5154109193085142,-0.606238944969798,0.7953960266517325,0.2731583062045635,-1.0490607572541952,0.6547726555083787,0.6197978807379637,0.2257423600546218,0.5806228445546213,0.21553874332873646,0.34020757445787236,0.8930329337713477,-0.5939609652220259,-0.21362677212880482,-0.15128613937216479,0.45384273046333284,0.7240882789946054,0.7118653097229007,-1.1590650176692363,1.6607544195998372,-1.1827476921782603,1.5618871202966718,0.20686726748853984,0.782887037744562,-0.443838316392069,1.0417852377674506,-0.2884686440592027,0.20841700428541587,1.3216592588299667,0.44097407231697416,-0.7320788497138427,-1.1935580694416779,-1.0171461617860216,0.49397653748920844,0.857431607424824,-0.11734634002088647,-0.11830423971375185,0.8382826152454651,0.18110809547545517,-0.16187992691613082,-0.5575938448100205,-0.3733751602403744,-0.6339719999646181,0.6103574591318501,0.3149471037952668,1.2712515776883195,0.4477110627291691,-0.09815065373371956,0.3918543094357439,0.04466148537156476,-0.8184055657487822,-0.04259488332432965,0.9283345759112798,-0.3643224577416653,-0.6026968216604048,-0.10150811293206344,0.16623597393062942,1.0900084741971912,0.1781347044680608,-0.33475609828294045,0.9782679479786085,0.1298221241000716,-0.010791994250078107,-0.04684244270896754,1.045316346590373,0.8562966342069235,0.8377735773194249,0.8934969907413185,-0.04358269028374338,-0.053791534620801565,-1.1721818528518406,0.09497722539658349,0.016397136045582097,1.42751810543069,-0.019168529096647693,0.9519274598915968,-0.34322624576504845,0.8730380703455946,-0.08148760768823196,-0.312035359181966,-0.6745145243894466,-0.7295557864941177,0.600491390578678,-0.07911831955894082,-0.5935681103264568,-0.5782279107867029,0.3960899309636737,-0.0329879067566785,0.1935163881841504,-0.1485601192364612,-0.5329250355771802,0.1565379430467847,0.9892669994473772,-0.004499600755525947,-0.6165100745430004,0.7204025899520049,0.17578943540000103,0.049539658788123296,0.8253823811024408,0.5136281437341802,-1.6100914530241788,-0.43455854212360606,-0.9376548516177803,-0.37506737685545793,0.5010553277730905,-1.1881064503705119,-0.37398166701201024,-0.21284102049283724,-0.6723466110918506,1.388400210583179,1.7725719898638512,-1.108884083751661,-1.4411027869249866,-0.22676520263481661,-0.5397247567619052,0.013744517247807047,-0.7128501537071736,0.6205030282047526,0.20905598345927495,-0.5340211102724005,1.129792953058327,-0.5359665550803265,-0.03466633408080505,-0.6668202387641097,0.51963251597353,-1.1228337551148626,0.5509789266056067,-0.2909982961971757,-0.7825933607709576,-0.36180134796110675,0.02375391228348545,-0.1086704840642715,-0.04687893962814674,-0.34156793252270407,0.1311160554352669,0.20922682530618264,1.3416333810695034,-0.9454163089181361,0.5146650258103416,-0.6039871260464472,-0.04157695986888161,0.2673048497449131,0.6077976140110996,-1.2572398814287888,-0.9473214468774922,-0.5305293990102605,0.4430439941417384,0.26728847045236404
